55.751566 37.79341
55.751566 37.79341
55.751566 37.79341
55.751566 37.79341
55.751566 37.79341
55.753172 37.639101
55.753172 37.639101
55.751566 37.79341
55.753172 37.639101
55.753172 37.639101
55.753172 37.639101
55.753172 37.639101
55.75593 37.617187
55.753172 37.639101
55.740518 37.628134
55.753172 37.639101
55.740518 37.628134
55.740518 37.628134
55.740518 37.628134
55.753172 37.639101
55.753172 37.639101
55.753172 37.639101
55.742686 37.605945
55.753172 37.639101
55.753172 37.639101
55.753172 37.639101
55.755786 37.617633
55.753172 37.639101
55.753172 37.639101
55.753172 37.639101
55.53778 37.512107
55.53778 37.512107
55.53778 37.512107
55.744099 37.600177
55.744099 37.600177
55.744099 37.600177
55.744099 37.600177
55.744099 37.600177
55.744099 37.600177
55.74421 37.601173
55.74421 37.601173
55.74421 37.601173
55.74421 37.601173
55.752947 37.641515
55.752947 37.641515
55.796388 37.581111
55.752947 37.641515
55.748169 37.58756
55.755134 37.619333
55.752947 37.641515
55.741953 37.629028
55.754983 37.618931
55.754983 37.618931
55.754983 37.618931
55.752947 37.641515
55.752947 37.641515
55.741953 37.629028
55.741953 37.629028
55.755134 37.619333
55.755134 37.619333
55.755134 37.619333
55.755134 37.619333
55.752947 37.641515
55.752947 37.641515
55.755134 37.619333
55.733922 37.588678
55.733922 37.588678
55.733922 37.588678
55.733922 37.588678
55.755134 37.619333
55.755134 37.619333
55.755134 37.619333
55.755134 37.619333
55.735216 37.58609
55.733922 37.588678
55.733922 37.588678
55.733922 37.588678
55.733922 37.588678
55.735216 37.58609
55.733922 37.588678
55.752947 37.641515
55.752947 37.641515
55.733922 37.588678
55.733922 37.588678
55.733922 37.588678
55.733922 37.588678
55.755049 37.618196
55.733922 37.588678
55.733922 37.588678
55.733922 37.588678
55.733922 37.588678
55.733922 37.588678
55.782688 37.722005
55.752947 37.641515
55.755049 37.618196
55.752947 37.641515
55.752947 37.641515
55.752947 37.641515
55.752947 37.641515
55.752947 37.641515
55.729522 37.640634
55.752947 37.641515
55.729522 37.640634
55.729522 37.640634
55.729522 37.640634
55.729522 37.640634
55.729522 37.640634
55.729522 37.640634
55.729522 37.640634
55.729522 37.640634
55.729522 37.640634
55.729522 37.640634
55.729522 37.640634
55.742094 37.62998
55.729522 37.640634
55.754635 37.619421
55.742094 37.62998
55.742094 37.62998
55.729522 37.640634
55.754635 37.619421
55.754635 37.619421
55.742094 37.62998
55.754635 37.619421
55.729522 37.640634
55.754635 37.619421
55.742094 37.62998
55.754635 37.619421
55.754635 37.619421
55.754635 37.619421
55.754635 37.619421
55.754635 37.619421
55.730249 37.641185
55.730249 37.641185
55.730249 37.641185
55.742094 37.62998
55.753736 37.621095
55.741953 37.629028
55.741953 37.629028
55.753736 37.621095
55.753736 37.621095
55.753736 37.621095
55.753736 37.621095
55.753736 37.621095
55.753736 37.621095
55.753736 37.621095
55.753736 37.621095
55.753736 37.621095
55.747222 37.583888
55.8 37.529444
55.747222 37.583888
55.747222 37.583888
55.747222 37.583888
55.745982 37.583816
55.747222 37.583888
55.747846 37.585881
55.747222 37.583888
55.747846 37.585881
55.8 37.529444
55.8 37.529444
55.8 37.529444
55.8 37.529444
55.769092 37.651077
55.769092 37.651077
55.769092 37.651077
55.769092 37.651077
55.8 37.529444
55.8 37.529444
55.75261 37.622874
55.769092 37.651077
55.8 37.529444
55.769092 37.651077
55.769092 37.651077
55.729251 37.611535
55.729251 37.611535
55.769092 37.651077
55.8 37.529444
55.8 37.529444
55.8 37.529444
55.8 37.529444
55.8 37.529444
55.8 37.529444
55.8 37.529444
55.8 37.529444
55.73016 37.642245
55.73016 37.642245
55.73016 37.642245
55.8 37.529444
55.73016 37.642245
55.73016 37.642245
55.73016 37.642245
55.73016 37.642245
55.769092 37.651077
55.769092 37.651077
55.73016 37.642245
55.73016 37.642245
55.727962 37.584153
55.727962 37.584153
55.727962 37.584153
55.727962 37.584153
55.727962 37.584153
55.73016 37.642245
55.727962 37.584153
55.727962 37.584153
55.769092 37.651077
55.73016 37.642245
55.73016 37.642245
55.769092 37.651077
55.769092 37.651077
55.769092 37.651077
55.730071 37.640322
55.730071 37.640322
55.730071 37.640322
55.72949 37.613025
55.730071 37.640322
55.769092 37.651077
55.730071 37.640322
55.769092 37.651077
55.769092 37.651077
55.730549 37.612832
55.699386 37.528378
55.730549 37.612832
55.774291 37.654845
55.774291 37.654845
55.774291 37.654845
55.774291 37.654845
55.727186 37.58139
55.727186 37.58139
55.730071 37.640322
55.727186 37.58139
55.727186 37.58139
55.727186 37.58139
55.727186 37.58139
55.727186 37.58139
55.801077 37.532005
55.727134 37.581074
55.727134 37.581074
55.727134 37.581074
55.768337 37.648059
55.727134 37.581074
55.727134 37.581074
55.727134 37.581074
55.727134 37.581074
55.801077 37.532005
55.768337 37.648059
55.768337 37.648059
55.801077 37.532005
55.768337 37.648059
55.768337 37.648059
55.768337 37.648059
55.768731 37.647832
55.72949 37.613025
55.768731 37.647832
55.768337 37.648059
55.801077 37.532005
55.768337 37.648059
55.768731 37.647832
55.801077 37.532005
55.768337 37.648059
55.768337 37.648059
55.768337 37.648059
55.768337 37.648059
55.768337 37.648059
55.768337 37.648059
55.768337 37.648059
55.768731 37.647832
55.768731 37.647832
55.801441 37.531416
55.801441 37.531416
55.768731 37.647832
55.768731 37.647832
55.72949 37.613025
55.785833 37.463399
55.801441 37.531416
55.785833 37.463399
55.768731 37.647832
55.801441 37.531416
55.801441 37.531416
55.785833 37.463399
55.785833 37.463399
55.768731 37.647832
55.768731 37.647832
55.768731 37.647832
55.785833 37.463399
55.768731 37.647832
55.768731 37.647832
55.768731 37.647832
55.768731 37.647832
55.768731 37.647832
55.768731 37.647832
55.734178 37.512045
55.728379 37.578478
55.742603 37.61517
55.742603 37.61517
55.742603 37.61517
55.728379 37.578478
55.728379 37.578478
55.730071 37.640322
55.728379 37.578478
55.728379 37.578478
55.728379 37.578478
55.734178 37.512045
55.728379 37.578478
55.728379 37.578478
55.728379 37.578478
55.728379 37.578478
55.704712 37.534596
55.704712 37.534596
55.762457 37.643023
55.767107 37.593579
55.767107 37.593579
55.762457 37.643023
55.762457 37.643023
55.767107 37.593579
55.734178 37.512045
55.688442 37.621993
55.688442 37.621993
55.688442 37.621993
55.732778 37.611981
55.751626 37.610717
55.751626 37.610717
55.751626 37.610717
55.734178 37.512045
55.734178 37.512045
55.754173 37.611618
55.754173 37.611618
55.754173 37.611618
55.754173 37.611618
55.754173 37.611618
55.768092 37.59523
55.754173 37.611618
55.768092 37.59523
55.768092 37.59523
55.768092 37.59523
55.768092 37.59523
55.768092 37.59523
55.734178 37.512045
55.734178 37.512045
55.768092 37.59523
55.734178 37.512045
55.734178 37.512045
55.734178 37.512045
55.768337 37.648059
55.734178 37.512045
55.73573 37.609903
55.768337 37.648059
55.734178 37.512045
55.734178 37.512045
55.734178 37.512045
55.734178 37.512045
55.768337 37.648059
55.734178 37.512045
55.734178 37.512045
55.768337 37.648059
55.736159 37.609618
55.736159 37.609618
55.736159 37.609618
55.736159 37.609618
55.736461 37.609755
55.913885 37.844488
55.913885 37.844488
55.913885 37.844488
55.913885 37.844488
55.736461 37.609755
55.736461 37.609755
55.736461 37.609755
55.769092 37.651077
55.769092 37.651077
55.781388 37.438888
55.781212 37.438833
55.736491 37.609194
55.736491 37.609194
55.781388 37.438888
55.781388 37.438888
55.781388 37.438888
55.781212 37.438833
55.736491 37.609194
55.736491 37.609194
55.736491 37.609194
55.736491 37.609194
55.736491 37.609194
55.73244 37.511883
55.688442 37.621993