55.681469 37.490943 
56.304618 38.174481 
55.829647 37.811615 
55.687102 37.290394 
57.007290 40.950500 
57.763639 40.934589 
55.194402 30.229142 
57.197366 38.244836 
55.760250 37.855102 
55.598058 37.605734 
55.708905 37.781226 
55.587130 37.719579 
55.687980 37.769312 
55.553104 38.029169 
57.589135 34.573202 
55.995772 37.189075 
55.501470 36.207444 
55.782995 37.664789 
55.520080 35.825386 
55.788780 37.817176 
59.869576 38.253407 
56.560760 40.123873 
55.802077 37.978063 
58.360625 40.687713 
56.531045 37.579618 
56.347344 37.530508 
55.606338 37.301492 
55.789323 37.822902 
55.627476 37.711533 
55.673078 37.674561 
56.306996 38.178836 
59.083795 42.281643 
58.147700 41.584925 
55.666944 37.561388 
55.752423 37.408841 
55.690843 37.543330 
56.244314 43.455288 
56.246617 43.874170 
55.656191 37.538255 
55.682755 37.555416 
56.256964 43.970880 
55.416896 37.837188 
55.831975 37.625728 
55.219303 36.202236 
56.190147 36.984839 
57.609856 39.834278 
59.141157 40.045053 
57.240236 37.855368 
56.853539 35.931575 
56.311501 38.139108 
56.863893 35.917861 
57.758867 40.978962 
55.473876 37.297041 
55.642452 37.505395 
56.208798 38.038171 
55.700231 37.579540 
55.687594 37.291673 
55.385222 39.032012 
55.161111 30.229722 
55.735311 37.343608 
55.095875 36.613763 
56.746388 37.189722 
56.177668 37.499182 
55.687614 37.769444 
55.714644 37.557632 
56.855261 37.366669 
56.530430 37.581249 
55.742364 37.569764 
55.198803 30.172054 
55.414653 37.899642 
55.680756 37.597783 
55.665139 37.747522 
57.733340 41.051027 
59.086166 40.105758 
55.558933 34.989395 
55.985063 38.339314 
56.855510 37.367072 
57.600679 39.872434 
55.105572 38.757104 
55.143611 37.469722 
55.892157 37.728840 
55.774590 37.687212 
55.881158 37.055250 
55.815727 37.561398 
56.342576 40.330618 
56.733990 38.849716 
55.576016 39.562798 
55.688777 36.687625 
55.800920 37.769239 
55.726159 37.674041 
55.944811 37.506664 
59.215784 39.882913 
55.757775 37.598541 
57.771388 40.925277 
55.630833 37.863333 
55.186431 30.196526 
55.696646 37.741287 
55.732489 37.681007 
55.212673 34.290881 
57.762188 40.931992 
55.666925 37.670101 
55.750272 38.147798 
55.699330 37.764562 
56.009792 37.203042 
55.091521 38.768311 
55.909505 37.735844 
55.842546 37.530024 
55.891853 38.485290 
56.132308 40.413915 
55.644773 37.526009 
55.814259 37.962200 
55.580833 37.899722 
55.729642 36.815903 
55.728577 36.816027 
55.178917 36.659955 
55.717445 37.676437 
55.687773 37.594221 
58.881178 40.245191 
55.797162 37.949994 
56.995648 40.980409 
55.904434 37.410392 
55.760784 37.854692 
55.195000 30.221111 
57.006480 40.991723 
56.981777 40.961619 
56.328898 38.145538 
55.637535 37.216214 
55.678405 37.895802 
55.799605 37.940651 
55.705789 37.555132 
55.815905 37.561540 
55.228631 31.481323 
56.206635 42.678121 
56.202491 42.669925 
55.652599 37.483366 
57.637042 39.902942 
55.987678 37.159339 
55.730549 37.612832 
56.340251 37.523694 
55.731817 37.495065 
55.881741 37.053169 
55.731350 37.494849 
58.886392 40.191465 
55.443354 37.745825 
55.676641 37.466447 
55.198774 30.170755 
55.806015 37.729529 
55.579662 38.922330 
55.634033 37.744622 
55.825340 37.966658 
55.904204 38.058565 
56.130719 40.411672 
55.193847 30.143782 
55.665850 37.533102 
55.563932 36.715257 
56.004903 37.471059 
55.716462 37.373773 
55.753670 37.614790 
55.469406 37.296698 
55.899425 38.054111 
55.921461 37.984444 
56.246578 43.872374 
55.990125 37.254292 
56.045833 37.670000 
57.358201 37.618904 
55.715442 37.659899 
56.669115 41.150216 
55.683069 37.491954 
55.733768 37.573543 
56.081135 37.927463 
55.562393 37.578716 
56.886737 35.772085 
56.970948 40.990786 
56.009529 37.195186 
55.190348 30.211563 
56.769707 43.262959 
56.140588 38.878126 
56.257059 37.987268 
57.769546 40.929861 
56.030658 35.991619 
55.861820 37.561404 
57.003705 40.992283 
55.865277 37.699722 
55.667155 37.480368 
55.567350 38.226131 
57.878952 39.544406 
57.622117 39.901747 
55.372515 39.055313 
55.769869 37.664027 
56.846910 35.916058 
56.998602 40.981908 
55.754820 37.708093 
55.732970 37.510843 
55.867166 37.504836 
56.343131 37.517720 
55.749240 37.545729 
55.567891 38.229188 
55.815964 37.716883 
55.748636 37.543952 
55.450277 37.742500 
55.110370 36.589984 
55.618028 37.594941 
56.131154 40.411491 
55.408264 37.470202 
55.518816 35.826244 
56.861420 35.893482 
55.394281 39.019574 
57.019421 41.004275 
55.715740 37.520404 
55.814031 37.662938 
56.588985 41.863403 
55.981158 37.151985 
55.813581 37.601438 
55.687649 37.734208 
55.712897 37.601910 
55.872272 37.615493 
55.791512 37.764699 
55.776394 37.645549 
55.723510 37.780105 
55.773079 37.635132 
55.774505 37.599367 
55.685277 37.866388 
58.050004 38.853183 
55.418016 37.546264 
56.855813 35.862817 
55.824780 37.405293 
55.791686 37.777112 
55.644166 37.203055 
55.450815 37.744227 
57.643055 39.882500 
55.686842 36.686370 
56.717631 38.830753 
57.358386 37.619162 
56.396935 38.729982 
55.580435 37.909517 
55.773827 37.613829 
55.625410 37.490549 
55.758429 37.695239 
57.785603 36.691405 
55.489164 35.853539 
55.730302 37.598894 
56.313407 38.134374 
55.688487 37.873032 
55.724185 37.528529 
55.811233 38.968418 
55.583848 37.122851 
55.880706 37.696345 
55.099085 36.615738 
55.716696 37.521423 
57.623611 39.886944 
55.429682 37.551028 
55.672974 37.675186 
55.409391 37.472938 
55.518962 35.825729 
55.787554 37.607639 
56.120679 40.371010 
56.129116 40.408132 
56.127514 40.399934 
55.616053 37.681602 
56.320241 43.998297 
55.518492 35.826158 
55.624583 37.842458 
55.770840 37.690873 
55.518687 35.826502 
55.193179 30.187540 
55.844445 37.553808 
55.875287 37.668171 
55.443445 37.744725 
55.842880 37.620771 
55.749584 37.541240 
55.800000 37.529444 
55.771090 37.594472 
55.725838 37.556922 
55.914525 37.789721 
55.713554 37.658462 
56.642734 43.464786 
56.340537 37.515967 
55.829471 37.766852 
55.682169 37.293230 
55.758908 37.602459 
55.885540 37.528294 
55.615381 37.586059 
55.692507 37.744646 
55.853080 37.466168 
55.723376 38.334652 
57.785912 38.452492 
55.706780 37.513535 
57.793004 38.462791 
55.584998 37.906636 
55.788430 37.621208 
56.128799 40.407876 
55.680129 37.190086 
56.334241 37.512302 
57.772746 40.923388 
55.734723 37.626372 
55.793700 37.591255 
55.770584 37.607966 
55.761518 37.601738 
55.850123 37.363275 
56.306547 38.179854 
55.733461 37.551075 
56.011260 37.195429 
56.310630 38.129804 
56.861108 35.893217 
55.424756 37.527820 
55.817700 38.173098 
56.002012 37.209797 
57.621933 39.892114 
55.744821 37.541056 
55.652976 37.475548 
59.221766 39.885639 
55.656737 37.533318 
56.290027 37.483592 
55.705982 37.512302 
57.770189 40.918144 
56.023713 37.475397 
55.824973 38.214650 
57.870031 39.530450 
55.695157 37.901566 
55.753847 37.714533 
55.756219 37.703543 
55.605652 38.078482 
56.960933 41.009216 
55.998795 37.867355 
55.750675 37.491669 
56.290359 37.481425 
57.638993 39.882081 
55.763836 37.654914 
55.779166 37.659722 
55.741203 37.663856 
56.002880 37.208366 
55.742888 37.668155 
55.982220 37.153065 
55.764149 37.591000 
58.925591 42.333695 
57.182711 39.414225 
55.725843 37.498166 
55.196114 30.151931 
56.760534 38.081017 
56.730223 38.837786 
56.734178 38.850403 
56.734272 38.849545 
55.180828 33.464354 
55.460566 38.440297 
55.667197 37.667301 
55.732233 37.506852 
57.625438 39.890943 
55.891147 37.545455 
55.713934 37.552264 
55.917156 38.104969 
55.796496 38.973668 
55.720060 37.619327 
55.630555 37.741676 
55.665680 37.564242 
55.641344 37.613175 
55.711317 37.578643 
57.869908 39.533544 
55.818410 37.813773 
56.126799 40.394255 
55.916810 37.748152 
55.549496 37.528428 
55.717539 37.553458 
55.834295 37.554445 
56.727536 37.138013 
55.943133 37.319300 
55.579322 37.909923 
55.714435 37.658791 
55.785141 37.605836 
55.578333 37.918333 
55.997978 37.224899 
55.699108 37.527924 
56.125975 40.395922 
56.228660 43.876140 
55.994859 37.242792 
56.362499 37.541111 
55.735480 37.632833 
55.196510 30.188315 
55.630594 37.741600 
55.703363 37.532794 
56.306794 38.180063 
56.349231 37.519330 
57.766874 40.964268 
58.053072 38.826895 
55.718709 37.602360 
55.676790 37.262922 
55.836138 37.623405 
55.806952 37.725723 
56.698486 38.774593 
55.762795 37.635180 
55.941634 37.972989 
55.520274 35.824355 
55.553574 37.707042 
56.129002 40.407758 
56.886549 33.318615 
55.133630 40.171165 
55.424895 37.526423 
55.809168 37.637762 
56.166156 40.467478 
55.589938 37.651378 
55.679068 37.263741 
55.752416 37.548242 
56.206613 42.678635 
55.676313 37.467990 
55.778640 37.637213 
55.722445 37.597723 
55.819253 37.500055 
55.876506 38.467854 
55.196118 30.227779 
56.008665 37.483114 
55.790047 37.784863 
55.661269 37.758336 
55.599457 37.350849 
55.749048 37.642572 
55.834203 37.554888 
55.839228 37.484228 
55.690093 37.605557 
55.737244 37.631261 
55.882230 37.051367 
55.741511 37.593697 
56.844746 35.818319 
55.881348 37.053931 
55.748454 37.625568 
55.686584 37.849404 
56.290104 37.488087 
55.833012 37.550755 
55.768155 37.612971 
55.194018 30.186198 
55.876542 38.467499 
55.757151 37.658480 
56.857183 35.909526 
57.878392 39.545732 
55.672592 37.492524 
55.756550 37.653426 
55.191363 30.205943 
55.567935 38.223088 
55.663695 37.243985 
55.839205 37.007451 
56.431993 40.442154 
55.579486 38.921996 
55.680831 37.503990 
55.786576 37.889142 
59.224503 39.882452 
55.608027 37.282858 
55.676443 37.592966 
55.782806 37.482210 
55.407950 37.469784 
56.982814 40.961533 
55.370472 39.060504 
55.599614 38.099878 
56.030772 37.448493 
55.611666 37.685277 
55.800886 37.583817 
55.165118 30.205740 
55.732440 37.511883 
55.736024 37.624435 
55.777101 37.468681 
55.767739 37.554408 
56.009647 37.854552 
55.775262 37.587519 
55.894910 37.426591 
55.707007 37.766535 
55.800817 37.944996 
55.421210 37.516064 
55.631388 37.869102 
55.851070 37.500847 
55.794857 37.666765 
55.740833 37.535555 
55.537564 37.524725 
55.749229 37.670605 
55.440512 37.766705 
57.635673 39.891150 
55.438029 37.767415 
55.762324 37.643291 
55.791686 37.716043 
55.182558 30.202261 
55.537962 37.522940 
55.559898 37.585883 
55.553083 37.552276 
57.644214 39.918718 
55.603605 37.545192 
55.746422 37.648017 
56.125683 40.408208 
56.248730 43.882191 
55.709820 37.622239 
55.656633 37.533749 
55.187069 30.204700 
56.171903 40.484666 
56.856201 35.909816 
56.012321 37.822994 
55.683739 37.567471 
55.675108 37.686253 
57.004365 40.982522 
56.867216 35.900168 
55.681757 37.290715 
55.910204 37.765224 
55.803974 37.419181 
55.705810 37.654346 
55.752626 37.599692 
55.754255 37.589590 
55.667184 37.668439 
57.458751 41.523532 
57.458548 41.528681 
55.966150 42.582361 
56.345505 37.517431 
55.566407 31.263485 
55.380589 39.039070 
55.496060 37.500232 
55.802994 37.798407 
55.803465 37.800520 
55.747796 38.018298 
55.153050 37.460253 
55.721944 37.440833 
55.839368 37.008728 
56.858342 35.904469 
55.519286 35.820966 
55.826988 37.444087 
55.689229 36.688711 
55.687934 36.686332 
55.688526 37.718763 
55.681532 37.501574 
55.667039 37.532902 
55.691478 37.594283 
55.881107 37.055898 
55.809346 37.521529 
55.561675 36.605013 
55.561721 36.605394 
55.519351 35.827789 
57.036340 34.968966 
55.522943 35.819774 
55.731593 37.511069 
59.844750 38.372797 
55.683069 37.569508 
56.013055 37.195000 
55.884306 37.419349 
55.697130 37.742835 
55.736960 37.608705 
55.917737 37.856356 
56.129096 40.411049 
55.815386 37.502335 
55.519205 35.826931 
55.077244 38.803697 
55.207529 36.483600 
55.667974 37.670204 
55.821727 37.564884 
55.125885 36.593830 
55.364655 37.532881 
55.518039 35.823841 
55.807796 38.960406 
55.750709 37.600429 
56.343975 37.520574 
55.793055 38.441388 
55.894440 37.420972 
55.668007 37.670660 
55.708473 37.584175 
55.192551 30.188786 
55.753154 37.649331 
55.892857 37.479040 
55.919504 37.806837 
55.734781 37.796584 
55.408114 37.470379 
55.764276 37.413041 
55.605985 37.288462 
55.689872 37.860796 
55.495700 35.858956 
55.524793 35.812179 
55.795135 37.713491 
57.625189 39.871530 
55.781871 38.617501 
55.728254 37.614093 
55.118884 36.615569 
55.757100 37.573641 
55.649484 37.664367 
55.608805 37.719208 
55.196885 30.153370 
55.990461 37.255487 
55.725020 37.553244 
55.952186 37.507568 
55.766951 37.564425 
56.001299 37.859631 
56.999593 40.983947 
57.007026 40.971621 
55.614788 37.683739 
55.783801 37.636220 
55.227065 34.257431 
55.729074 36.860193 
55.786338 37.283441 
55.911684 37.851654 
55.919997 37.991874 
55.631380 37.868603 
55.499563 37.762107 
56.013511 37.206508 
56.011800 37.473836 
55.612500 37.681944 
55.116666 36.592777 
55.803312 38.975219 
57.585238 39.855024 
55.777719 37.517506 
55.762185 37.586431 
56.854870 35.863918 
56.873430 35.850412 
55.761388 37.584166 
55.747374 37.533972 
55.736388 37.624496 
55.818752 37.567619 
57.006067 40.972096 
56.342828 37.519843 
55.631388 37.870833 
55.797096 37.933989 
55.716700 37.516523 
56.647099 43.476465 
55.799913 37.740150 
55.754717 37.647664 
55.798194 37.484017 
55.805568 37.637261 
55.787385 37.283768 
55.786190 37.284422 
55.630243 37.849241 
55.630872 37.849536 
55.992327 37.182691 
55.905720 38.062955 
55.579509 39.562969 
55.542425 40.005426 
59.217643 39.918159 
55.441662 37.759953 
56.010355 37.830652 
55.923489 37.977679 
55.805517 37.515090 
55.135347 40.174556 
57.626239 39.894222 
55.606291 37.287876 
55.941686 37.319002 
55.344229 36.187333 
55.503322 35.794873 
59.078241 42.286463 
55.502933 35.794702 
55.505189 35.792363 
55.770632 37.620846 
55.879677 37.669035 
55.791388 37.750000 
55.194765 30.206525 
56.298301 37.501230 
55.691121 37.600644 
55.718152 37.543960 
56.146696 40.374364 
55.872161 37.514530 
56.296824 37.503033 
55.575264 39.548936 
55.807569 37.984199 
55.635297 37.844144 
55.636007 37.768295 
55.698762 37.793068 
55.698611 37.795000 
55.724031 37.529925 
55.433182 37.563647 
55.771994 37.752905 
55.679250 37.261049 
55.640545 37.612962 
55.801796 37.476453 
55.747064 38.011407 
55.134905 40.173483 
55.426777 37.772345 
55.190283 30.251651 
55.727186 37.581390 
55.687980 37.788857 
55.701594 36.192889 
55.922123 37.853518 
55.581397 37.910935 
59.233257 39.908702 
55.756920 37.598958 
55.145046 37.475325 
55.502437 35.797663 
55.323007 38.673328 
55.744271 37.588434 
55.531536 37.498315 
55.745230 37.575368 
55.849422 38.429640 
56.343361 37.518139 
55.710715 37.587335 
57.585341 39.844503 
55.729050 37.624745 
55.787179 37.283929 
55.941266 37.318850 
56.344264 37.520105 
55.672150 37.747466 
57.610935 39.857098 
55.602545 37.029714 
59.116864 40.069181 
57.867493 39.514420 
57.867425 39.514956 
55.701817 37.531650 
55.660842 37.558188 
55.778090 37.619353 
55.729379 36.815733 
55.970114 37.911356 
55.772037 37.494172 
55.875819 37.667025 
55.184675 30.200815 
55.704712 37.534596 
55.671859 37.270050 
55.662268 37.768331 
55.816789 37.561282 
55.991623 37.180741 
55.942416 37.319100 
55.272574 37.511306 
55.921197 37.710419 
55.778854 37.557878 
56.005380 37.214163 
55.787475 37.608304 
55.871914 37.683808 
55.516736 35.829120 
55.516299 35.830235 
55.508688 35.828497 
55.842666 37.587302 
55.941033 37.319750 
57.637231 39.867557 
55.757815 37.699441 
57.768343 40.922139 
55.726031 37.497930 
55.778398 38.654695 
55.954759 36.901494 
55.818476 38.644452 
55.781647 38.617619 
55.576173 42.025929 
55.783759 38.674031 
55.574291 42.051510 
55.812876 38.966041 
55.808684 37.571624 
55.745000 37.721666 
55.637574 37.841860 
56.748017 37.124004 
55.612399 37.681502 
55.596480 36.694738 
55.610224 37.685324 
55.813369 37.599242 
55.186851 30.220772 
55.680717 37.190011 
55.787032 37.594361 
55.796067 37.668664 
55.692222 37.554444 
55.722046 37.521874 
55.875227 37.667613 
55.656999 37.658192 
55.195058 30.186348 
55.838651 37.615814 
56.337521 37.510903 
55.874968 37.667437 
56.671035 41.152004 
55.855257 37.483483 
55.727223 37.569797 
55.653934 37.701182 
55.504698 35.828648 
55.729490 37.613025 
55.950968 37.302076 
55.850463 37.586128 
55.699187 37.523589 
55.855460 37.566902 
55.827486 37.648575 
55.541396 37.533580 
55.183474 30.202788 
55.610033 38.109124 
55.637707 37.770981 
55.714390 37.551293 
56.380887 41.306237 
55.505894 35.832789 
58.105096 38.690071 
55.779701 37.718521 
57.008076 40.972129 
55.851127 37.474216 
55.505958 35.829516 
55.501052 35.827961 
55.503021 35.832081 
56.128825 40.410718 
55.749555 37.669866 
55.505699 35.827500 
55.199964 30.190367 
55.198795 30.190127 
55.789810 37.799858 
55.630185 36.703750 
55.846729 37.657476 
55.901237 37.453578 
55.648726 37.857150 
55.857002 37.420691 
55.815597 37.562946 
55.849969 37.366558 
55.848961 37.367668 
55.187025 30.204017 
55.583696 37.122415 
55.673973 37.677566 
55.667632 37.671604 
55.799352 37.736746 
55.743434 37.797876 
55.564005 36.715643 
56.118001 40.402204 
56.120297 40.403835 
57.692222 39.782222 
55.842611 37.517541 
55.078975 38.832282 
55.687725 37.292611 
56.055272 37.529218 
55.824690 37.615954 
55.852637 37.473024 
55.795048 37.666421 
55.840193 37.620964 
57.623594 39.868773 
55.720796 37.551259 
55.824466 37.614545 
55.713432 37.550161 
55.667448 37.670298 
56.016672 37.471356 
55.506307 35.829818 
55.578117 39.544451 
56.858744 35.900786 
56.343161 37.517238 
57.584618 39.850401 
55.806720 37.559481 
55.505359 35.828712 
57.753723 40.992122 
55.749037 37.824378 
55.380865 39.039716 
56.017836 37.471191 
55.208145 34.296770 
55.718007 37.614084 
55.700549 37.622147 
56.126383 40.396482 
55.717394 37.613454 
55.580000 37.910277 
55.564515 36.715107 
55.613767 37.679297 
55.827624 37.634965 
55.853179 37.588735 
55.762579 37.579145 
55.752803 37.646133 
55.688064 37.769779 
55.721231 37.552310 
57.626173 39.834538 
55.752927 37.622445 
55.164713 30.208840 
55.768731 37.647832 
56.013842 37.206370 
55.680965 37.190210 
55.729487 37.761819 
55.740986 37.664158 
55.681991 37.756675 
56.341989 37.523558 
55.799941 37.739826 
55.916095 37.990518 
55.830180 38.199989 
55.881624 37.053827 
55.784604 37.529648 
55.749869 37.624140 
55.736776 37.808762 
55.192358 30.215162 
55.719100 37.784540 
55.792384 37.455931 
55.739874 37.606308 
55.792429 37.551735 
55.839470 37.620020 
55.854709 38.441924 
55.322599 38.666536 
57.257602 32.472581 
57.256720 32.471638 
56.009161 37.841592 
55.089794 36.599306 
57.781918 43.188453 
57.097888 39.389334 
55.732262 37.571662 
57.609234 39.834770 
56.014277 37.207797 
55.660560 37.852205 
55.747234 37.767217 
55.578918 38.889331 
56.340788 37.524658 
55.652944 37.476145 
57.009828 40.972721 
55.890945 37.620962 
55.796944 37.582500 
55.819437 37.499991 
55.836338 37.478790 
55.790308 37.556390 
55.197211 34.316057 
55.209037 36.484989 
57.623015 39.901010 
55.777032 37.530874 
55.448477 37.764311 
55.803189 37.564955 
55.702425 37.529925 
55.197727 34.316778 
55.882251 37.052092 
55.781388 37.438888 
56.004617 37.218508 
55.773544 38.653336 
55.826345 37.571766 
55.623533 37.748067 
56.726839 37.127559 
55.761298 37.630789 
56.560618 37.431965 
56.015312 37.468933 
55.600366 37.042696 
55.750119 37.645075 
55.915268 38.007715 
55.740662 37.660653 
55.892720 37.728344 
55.802860 37.565734 
55.802821 37.565320 
55.914653 38.007764 
57.622777 39.901944 
55.726717 37.560700 
55.759155 37.647057 
55.757214 37.781156 
55.778081 37.685623 
55.730904 37.502003 
56.330791 36.726780 
55.842666 37.494235 
57.137730 37.652893 
55.942195 37.291782 
55.444619 37.737320 
55.942250 37.288333 
56.130497 40.411545 
55.910349 37.737035 
56.723934 38.773622 
55.432228 37.554907 
55.611405 37.602661 
56.240172 43.856582 
55.600684 37.043523 
55.900768 37.454436 
57.622059 39.902837 
55.253041 38.758258 
55.506137 35.832489 
56.347646 37.519501 
55.504095 35.830901 
57.733256 41.050703 
57.016647 40.979143 
55.758597 37.695985 
57.733846 41.054237 
55.783339 37.611311 
55.729516 37.633255 
55.768060 37.554112 
56.999145 40.983998 
55.789314 37.799427 
56.378350 37.631350 
55.891292 37.415612 
55.444684 37.734610 
55.505602 35.828326 
55.826263 37.638601 
55.747630 37.647268 
55.096111 36.613611 
57.623857 39.899093 
55.724760 37.554628 
55.752547 37.621710 
55.745839 37.722438 
55.688449 37.742673 
55.818898 37.578571 
55.743811 37.513770 
57.096256 32.991171 
57.510452 38.309669 
56.723159 38.766975 
56.722971 38.767662 
56.724243 38.766117 
55.651534 37.773528 
56.650382 32.281050 
56.717223 38.830893 
56.716975 38.830483 
55.504892 35.828648 
55.504168 35.830085 
55.840699 37.663751 
56.009374 37.853050 
55.786315 37.283770 
55.706802 37.735716 
55.746850 38.008972 
55.115277 36.592222 
56.331528 36.727638 
55.800483 37.739612 
55.735602 37.467607 
55.728783 37.596940 
56.169642 40.474523 
56.286446 37.501375 
55.684071 37.881700 
56.413582 40.443432 
55.923924 37.994680 
55.734432 37.598155 
55.935031 37.513364 
55.933013 37.513962 
55.933771 37.514768 
55.920216 37.991994 
55.788883 37.638069 
55.784790 37.283365 
55.200927 30.180439 
55.777743 37.555712 
55.194140 30.144434 
55.781579 37.694999 
55.842286 37.518194 
56.325288 44.003744 
57.622145 39.886690 
55.369374 37.784969 
56.251995 43.852352 
56.005059 37.213739 
55.734178 37.512045 
55.420471 37.534141 
55.671130 37.669316 
57.772968 40.923957 
56.344543 37.520188 
55.751125 37.617617 
55.734287 37.570957 
55.730248 37.496343 
55.924291 37.784719 
55.837036 37.613794 
55.621555 37.609234 
55.796486 37.296886 
55.755791 37.584618 
55.608754 39.578161 
55.816365 37.581700 
55.749434 37.614012 
55.749072 37.614441 
55.585406 38.083331 
55.691032 37.599952 
55.752841 37.629237 
55.741416 37.593011 
55.531655 35.842450 
55.881412 37.053375 
55.737251 37.577941 
56.127701 40.407559 
55.439021 37.772214 
55.801584 37.326524 
55.281937 37.511980 
55.771929 38.687271 
56.576667 41.866389 
55.668412 30.964621 
56.225341 37.969480 
56.397749 38.705317 
55.548400 37.556185 
55.662127 37.604216 
55.531934 35.842895 
55.531642 35.846844 
55.489553 35.853539 
55.907920 37.586080 
55.531157 35.845642 
55.619357 37.506222 
55.855355 37.495011 
55.978611 37.158611 
55.869972 37.568034 
55.670167 37.669710 
56.142776 40.388951 
55.708153 37.732159 
56.112423 38.882203 
56.396579 38.729954 
56.365825 37.533782 
55.746783 37.566574 
57.585312 39.851512 
55.824250 37.614623 
55.835277 37.622514 
55.887850 37.661537 
55.429661 38.251815 
55.707758 37.549397 
55.749132 37.613089 
55.425911 38.263473 
55.147488 33.267975 
55.579601 38.917734 
59.224837 39.882678 
55.744099 37.600177 
55.825530 37.963150 
55.722771 37.601474 
55.791579 37.659222 
55.710555 37.889166 
57.763539 40.929231 
56.149639 40.383970 
55.184444 30.200277 
56.728622 37.128682 
55.830571 37.604474 
55.580865 37.906886 
55.833372 37.492200 
55.554920 37.554775 
59.218552 39.883486 
55.524401 35.819001 
57.594471 34.523335 
55.815596 38.977592 
55.776144 37.678426 
55.961898 38.043625 
55.524620 35.818744 
55.861007 37.674190 
55.752947 37.641515 
55.628256 36.991948 
55.422545 38.273571 
55.795626 37.454225 
56.400654 38.740658 
57.250916 32.467346 
56.568823 37.702356 
55.751291 37.656573 
55.873155 37.511825 
56.357958 37.488850 
55.416990 37.546692 
55.730427 36.853863 
55.599487 37.544864 
56.275243 31.321163 
55.399398 37.564269 
57.637931 39.878178 
56.723300 37.526569 
59.072785 42.276571 
56.872339 37.359352 
56.872603 37.358546 
55.628805 36.992190 
55.924111 37.993540 
55.104222 38.750713 
55.522732 37.663331 
55.988294 37.880076 
55.426709 38.264510 
56.201500 42.692699 
55.713713 37.549652 
55.904316 38.060681 
56.311217 38.133073 
55.716919 37.555909 
55.738107 37.810301 
59.221280 39.888096 
55.806450 37.465801 
55.192217 30.188957 
55.772367 37.678749 
55.751366 37.623711 
56.341341 37.894635 
55.935334 37.513471 
56.734366 38.850059 
55.518700 35.822918 
57.155276 33.100358 
57.156207 33.100186 
57.781703 38.448887 
55.571750 38.031439 
56.730835 37.124991 
56.872785 37.356562 
56.011404 37.622332 
55.582129 39.533272 
55.891017 37.430022 
55.891902 37.655645 
55.759352 37.736145 
55.944408 37.498982 
55.944120 37.503944 
55.942122 37.290494 
55.776563 37.591787 
57.584707 34.559812 
55.502933 35.849719 
57.598243 34.562301 
55.758917 37.571521 
55.913885 37.844488 
55.724661 37.650388 
55.934260 37.515219 
55.511872 35.830504 
57.525772 38.319146 
55.775415 37.687814 
56.197824 38.060675 
55.769278 37.596421 
55.772074 37.753297 
57.039236 34.957809 
57.635916 39.875778 
55.801192 37.581249 
55.425911 38.263473 
55.784537 37.530043 
55.773665 37.685840 
55.920570 37.833878 
57.581061 34.561057 
55.832536 37.629080 
55.568973 37.571743 
55.073705 38.800207 
55.863830 37.605102 
57.636944 39.881944 
56.012744 37.841242 
57.622616 39.890229 
56.026276 37.430592 
55.785355 37.665715 
55.776502 37.581891 
57.000178 40.975769 
55.715287 37.077295 
55.846121 37.414799 
55.787802 38.453044 
55.075275 38.805680 
55.801647 37.581589 
55.622087 37.731294 
55.593573 38.122538 
56.342994 37.558479 
55.685202 37.865850 
55.733049 37.604624 
56.230750 43.866629 
55.730969 37.601113 
55.764035 37.671275 
57.020914 40.949277 
56.045285 37.482400 
55.815812 37.501404 
55.441369 37.493001 
55.441136 37.495287 
55.755683 37.592576 
57.011887 40.971740 
55.567599 38.225451 
55.203811 34.298110 
55.792524 37.952946 
55.890660 37.430518 
55.689576 37.207519 
56.125827 40.407897 
55.698024 37.849548 
55.783095 37.719377 
56.725514 37.141171 
55.775936 37.655507 
55.916975 37.831775 
55.399900 37.564591 
55.766812 37.614012 
57.621785 39.886358 
55.681075 37.850875 
55.591155 38.922283 
56.101965 38.127193 
56.127367 40.409854 
57.761782 40.928708 
56.238422 43.960493 
55.676417 37.466049 
55.686990 37.185971 
56.126876 40.409163 
55.444277 37.739732 
56.739951 37.225223 
56.161761 38.872043 
55.853854 38.596044 
55.809593 37.640658 
57.580594 39.850150 
56.232000 43.875119 
55.701049 37.527688 
55.781576 37.593455 
55.757854 37.587190 
55.757320 37.587791 
55.696053 37.221443 
56.862724 35.903629 
57.622484 39.886916 
55.911877 37.739939 
55.562930 37.576053 
55.917988 37.830949 
55.759418 37.544215 
55.727787 37.505538 
55.497242 37.500710 
55.887708 37.674823 
55.801441 37.531416 
55.441149 37.493988 
56.185914 36.978913 
56.856961 35.909244 
56.248440 43.881015 
56.192571 40.519123 
56.325413 43.985181 
55.779942 37.470417 
55.787585 37.636195 
55.912688 37.400386 
55.768092 37.595230 
55.648329 37.747463 
55.763788 37.416980 
55.927019 37.958641 
56.184935 36.974766 
56.311062 38.132894 
55.681375 37.503618 
55.780976 37.629814 
56.865760 35.902569 
57.594379 34.522648 
56.119961 40.364058 
56.863385 35.901775 
55.826174 37.638145 
55.170666 30.198726 
55.509903 35.831072 
57.020870 40.950635 
55.508883 35.826352 
55.508907 35.825965 
55.763756 37.555587 
55.759123 37.595345 
55.726059 37.557514 
55.978322 37.174423 
55.202312 30.207397 
55.177300 30.238497 
55.420770 37.516047 
55.667801 37.540423 
56.996728 40.980141 
55.423277 37.518245 
55.627564 38.071340 
55.861965 37.436201 
55.875436 37.667980 
57.627085 39.888897 
55.673921 37.916378 
55.594166 37.539722 
56.502130 37.781203 
55.759096 37.606839 
57.036247 34.968452 
55.806257 38.980996 
55.685441 37.565759 
55.818210 37.411237 
55.065833 32.687776 
56.325869 43.986167 
55.811685 37.039866 
55.578670 37.911097 
55.422770 37.517753 
55.120397 36.597380 
55.742294 37.569403 
56.861009 35.906598 
55.899586 37.565668 
55.835017 37.636909 
55.447207 37.746248 
55.814762 37.412739 
55.787765 37.889786 
55.792316 37.953177 
55.804669 37.509231 
55.433098 37.766613 
55.786968 38.435619 
56.307024 38.126864 
55.859214 37.452713 
55.224712 34.308685 
56.355433 44.063023 
55.506676 35.794015 
55.718788 37.586669 
55.510044 37.756114 
55.422109 37.545843 
59.203250 38.508796 
55.801519 37.511781 
55.421958 37.545878 
56.340994 37.525658 
56.343271 37.529538 
55.789468 37.403815 
55.682927 37.188041 
55.795406 37.798934 
55.712390 37.627825 
55.747405 37.494366 
55.635246 37.516997 
55.514647 35.828261 
55.508664 35.826609 
55.749366 37.730183 
55.514793 35.830922 
55.506239 35.837617 
55.504241 35.833948 
55.760160 37.593591 
55.207709 36.483343 
57.636128 39.890364 
55.490173 37.736299 
55.793923 38.465881 
55.781212 37.438833 
55.728772 37.556356 
55.735116 37.634783 
55.757945 37.856013 
56.641681 43.464746 
55.781036 37.437962 
55.732575 37.634300 
56.857463 35.921641 
55.793071 37.498645 
55.781424 37.598627 
55.784839 37.620105 
55.663206 37.484678 
55.651647 37.537839 
55.688313 36.688470 
55.728002 36.816062 
55.583278 38.882166 
55.623677 37.702262 
56.730884 37.527717 
55.785575 37.616915 
55.141944 37.453611 
55.756752 37.584676 
55.784972 37.623239 
55.970297 37.910217 
55.661904 37.965607 
55.998222 37.227407 
55.820333 37.498571 
59.121940 37.921076 
55.580722 42.060556 
55.632263 37.855499 
55.821816 37.497000 
55.090047 36.605223 
56.047020 37.772713 
55.971355 37.419316 
55.671225 37.740196 
55.505991 35.844023 
55.766984 37.572425 
55.681426 37.886925 
55.810783 38.182211 
55.451944 37.743888 
55.849770 37.363789 
55.582427 38.883575 
55.886008 37.447610 
55.643148 37.586935 
55.753089 37.497249 
55.813171 37.415271 
55.749573 37.564605 
56.316944 38.133333 
55.432279 37.549020 
55.784916 37.616510 
55.657965 37.776398 
56.230774 43.866999 
55.995442 37.230969 
56.552103 38.560467 
55.399636 37.563818 
55.144166 37.469166 
55.399896 37.564185 
55.607233 37.577459 
57.040965 34.958719 
55.777701 37.634418 
55.757625 37.545753 
55.793567 37.795349 
55.900016 37.570750 
55.569235 37.570991 
55.709027 37.580288 
55.749364 37.587855 
55.543304 37.549321 
57.637287 39.889737 
55.827703 37.647480 
55.767107 37.593579 
55.655798 37.743203 
55.431655 37.546592 
55.609364 38.045524 
55.583884 37.123184 
55.967777 37.900000 
56.773422 40.888580 
55.793272 37.750095 
56.858329 35.920947 
55.917215 37.831668 
56.753943 37.128215 
55.793559 38.465758 
55.829468 37.451819 
55.825322 37.650918 
55.656817 37.795286 
56.018985 37.194740 
55.177107 30.227285 
55.149117 37.461026 
56.858924 35.916917 
55.645742 37.761252 
57.685352 39.783153 
55.764484 37.576220 
55.857277 37.659733 
55.141573 37.453601 
55.857771 37.659830 
55.762753 37.562621 
55.776340 37.657868 
55.724113 37.554617 
55.757104 37.603678 
55.621470 37.613379 
55.724458 37.554476 
55.118724 36.594868 
55.568400 37.573755 
55.703250 37.579926 
55.394538 37.807120 
56.116371 38.878727 
57.008836 40.951296 
56.859150 35.917374 
55.791137 37.763851 
55.577216 38.923850 
55.716103 37.586010 
55.756388 37.665409 
55.589763 38.523772 
55.752885 37.717508 
55.811705 38.182126 
57.768617 40.925878 
57.766541 40.929357 
57.766947 40.924789 
55.090014 36.602415 
57.768056 40.928367 
55.154722 37.482777 
55.788587 37.605560 
55.726087 37.422681 
55.583199 38.881723 
55.723172 37.651451 
55.766024 37.576987 
55.713170 37.068138 
55.716880 37.613813 
55.761950 37.586254 
55.764044 37.584776 
55.605934 37.290849 
55.914216 37.811374 
55.737138 37.605214 
55.758611 37.627777 
55.751923 37.495789 
55.700309 37.546661 
55.737702 37.619662 
55.713092 37.622520 
57.000601 40.961575 
57.765848 40.927041 
55.834853 38.385574 
56.332272 44.009573 
55.141388 37.454166 
55.764045 37.587937 
55.719709 37.367652 
55.568576 37.573589 
55.119038 36.614071 
55.774276 37.620449 
55.603101 38.108236 
55.409388 37.471387 
55.703955 37.603004 
55.852845 37.515346 
55.691792 37.601942 
55.743697 37.639691 
55.578887 37.667317 
55.911584 37.740310 
55.783613 38.450897 
56.240501 43.864530 
55.784310 38.450200 
55.602666 38.109239 
55.656021 37.494267 
55.747236 37.603776 
55.724065 37.529597 
57.634912 39.872345 
55.655798 37.479464 
56.862132 35.906545 
55.728439 37.637402 
55.713905 37.623357 
55.727962 37.584153 
55.776056 37.479133 
59.130005 37.932100 
55.688056 37.744753 
55.687953 37.745612 
55.710827 37.623393 
55.843920 37.637598 
57.624450 39.876653 
57.625858 39.895713 
55.747172 37.605432 
55.816185 37.634439 
57.624082 39.898631 
56.298015 37.501316 
55.858583 37.453377 
55.765686 37.472461 
55.785833 37.463399 
56.241025 43.851540 
55.704510 37.779424 
59.216343 39.885825 
55.747211 38.008112 
55.811182 37.567043 
55.736740 37.618454 
55.210387 34.296552 
55.851860 37.344997 
56.641450 43.464743 
55.757232 37.583542 
55.792446 37.635373 
55.395596 37.807354 
55.792487 37.634193 
59.214515 39.884202 
55.838605 37.008497 
55.733490 37.636396 
55.569328 37.570676 
55.730249 37.641185 
55.781705 37.718263 
55.732643 37.644175 
55.826357 37.646348 
55.768337 37.648059 
55.528624 37.647050 
55.891946 37.659984 
55.578523 37.918880 
57.631674 39.890503 
55.737527 37.619059 
55.769211 37.621983 
55.998963 37.867688 
55.749828 37.608545 
55.810478 37.798186 
55.600248 37.555604 
55.995070 37.243185 
55.542561 37.537216 
55.724584 37.650773 
55.079933 38.834545 
55.562267 37.580135 
56.355788 37.525166 
55.742686 37.605945 
57.185158 39.415083 
55.745258 37.605810 
55.738906 37.624674 
55.763434 37.554827 
55.768613 37.575902 
55.827576 37.647014 
55.892121 37.660091 
55.883387 37.666165 
55.752758 37.668540 
55.887995 37.674579 
55.618096 37.673512 
55.910833 37.765833 
55.836156 37.478965 
56.320827 42.937521 
56.313079 42.942778 
57.254050 32.473354 
57.510475 38.308210 
55.921453 36.845172 
56.806846 40.512214 
57.578599 39.848809 
55.597074 38.120112 
55.869729 37.659214 
55.597811 38.117634 
55.915243 37.760379 
55.970634 37.909827 
55.750120 37.607376 
55.790726 37.765476 
55.970448 37.909977 
55.971666 37.900000 
55.752067 37.567835 
55.971666 37.905277 
55.750960 37.566402 
55.921860 37.868350 
55.686719 37.849639 
55.579490 38.918342 
55.436842 37.767091 
55.079548 38.833226 
55.436275 37.765686 
55.437128 37.766629 
55.756274 37.548535 
55.436140 37.766188 
55.736009 37.608604 
56.328876 44.019256 
56.334352 43.890744 
55.801026 37.828325 
55.519011 35.826415 
55.619208 37.673163 
55.815938 37.810734 
55.705864 37.471215 
55.569368 38.237593 
55.662318 37.957781 
57.867268 39.514012 
56.049189 37.574058 
55.792952 37.954202 
55.788169 37.890891 
55.768613 37.589990 
55.142500 37.454444 
57.007022 40.971979 
56.854604 33.460751 
55.510300 36.009922 
56.856141 41.384032 
55.671452 37.486865 
55.143888 37.453888 
55.424914 37.545949 
55.816130 37.381078 
55.769425 37.706312 
55.822620 37.607692 
55.748305 37.587925 
55.772467 37.753047 
55.748799 37.600145 
55.724430 37.593064 
55.747405 37.596014 
57.869641 39.529988 
55.766190 37.550620 
56.311452 38.133615 
55.756655 37.631038 
55.772270 37.753012 
57.018644 40.962754 
55.589805 38.126228 
55.115001 36.598250 
55.732010 37.471855 
55.871283 37.657158 
55.655800 37.472391 
55.800854 37.583066 
55.578945 38.913135 
55.743788 37.650275 
56.326031 43.990213 
55.801677 37.826656 
55.686687 37.741737 
55.675918 37.765536 
56.240603 43.851730 
55.768461 37.475367 
55.414081 37.546087 
55.764271 37.592505 
55.118269 36.613808 
55.655574 37.538383 
56.858848 35.917299 
55.759082 37.627552 
55.613013 37.683674 
56.859654 35.911700 
56.845264 35.817569 
57.041137 34.960858 
55.824090 37.613719 
56.334907 36.732616 
56.856910 35.927813 
57.038993 34.958803 
55.981746 36.034598 
56.044402 37.481802 
55.648458 37.856967 
55.648518 37.857421 
55.108857 36.591575 
55.795540 37.715130 
56.995314 40.979438 
55.215425 38.671359 
56.872163 37.359934 
56.717941 38.830693 
55.598106 37.528678 
55.799722 37.523055 
55.507333 36.017000 
55.507167 36.016500 
55.597971 37.528450 
55.806658 37.465982 
55.570549 38.033727 
55.846343 37.408699 
55.107771 36.592517 
55.800937 37.511792 
57.625000 39.881111 
55.834568 37.557110 
55.983541 37.153181 
55.735269 37.611778 
55.755106 37.591994 
55.608667 38.085289 
55.989154 37.158107 
55.600808 37.548159 
57.017632 40.978060 
55.507648 35.794444 
55.817704 37.637787 
55.833572 37.492014 
57.040823 34.968624 
55.834221 37.625376 
55.565826 38.235016 
55.503640 37.765321 
55.542813 37.571161 
55.743679 37.567402 
55.817204 37.639877 
59.126109 37.928087 
55.106318 36.563998 
55.762710 37.612894 
59.124125 37.929179 
59.123684 37.928645 
55.796951 37.946219 
55.938961 37.497730 
55.763341 37.616932 
55.668594 37.671733 
55.611534 37.555904 
55.585749 38.203808 
55.668517 37.667578 
55.731460 37.507753 
55.666809 37.670841 
55.838951 37.008233 
55.738230 37.670913 
57.019164 40.969649 
55.109693 36.590373 
59.123904 37.929097 
55.608560 39.713259 
55.608996 39.578247 
57.890518 41.719673 
55.742276 37.650653 
55.787509 37.679445 
55.598611 37.677222 
56.208375 38.039131 
58.754936 42.681627 
57.795016 38.457641 
57.002924 40.980986 
55.799020 37.584673 
55.726551 37.590128 
57.867057 39.514315 
57.867106 39.514653 
55.145555 37.469722 
57.261594 39.156303 
55.836835 37.610683 
55.773378 37.544527 
55.821369 37.955532 
55.839185 37.556438 
55.742395 37.677591 
55.778259 37.512960 
55.732098 37.606157 
56.856719 35.920944 
55.192191 30.220828 
55.791847 37.664780 
55.749841 37.587673 
55.799232 37.584377 
55.866450 37.548896 
55.147777 37.486666 
55.607536 38.085745 
56.163323 40.459741 
55.746065 37.619569 
55.804162 37.543879 
56.866368 35.904591 
55.596666 37.677222 
55.789324 37.681770 
55.776672 37.679776 
55.776494 37.680580 
55.785383 37.680626 
55.877339 38.105285 
55.608033 38.048959 
55.707348 37.746223 
55.707527 37.746159 
55.765601 37.605257 
56.007565 37.452704 
55.828128 37.647872 
55.782608 37.719070 
55.759399 37.619011 
59.120120 37.928417 
55.759140 37.618942 
55.712196 37.472209 
55.747158 37.642658 
55.611286 37.296545 
55.740555 37.759444 
55.682754 37.551265 
55.878601 37.548077 
55.914559 37.767470 
55.193178 30.228561 
55.110430 36.610860 
55.432707 37.767832 
55.759484 37.558881 
55.747405 37.599677 
55.755887 37.617984 
55.990915 37.217211 
55.793480 37.612848 
55.739469 37.612238 
55.853771 37.485198 
55.738056 37.605858 
55.754172 37.680815 
55.615702 37.682417 
55.616314 37.681506 
55.749373 37.590982 
58.884274 40.190936 
55.747124 38.006917 
55.729251 37.611535 
55.432927 37.765667 
55.748725 38.007077 
55.765238 37.603949 
55.746565 38.009449 
55.746675 38.009048 
55.815568 37.501003 
55.726366 37.555458 
55.105747 38.757206 
57.626157 39.868307 
55.805069 37.584531 
55.732802 37.612801 
57.625902 39.865515 
55.914518 37.762195 
55.834659 37.621563 
55.611516 37.296468 
55.201084 34.300226 
56.749146 38.844394 
55.750920 37.617617 
56.530761 37.583395 
55.499488 37.761802 
55.732032 37.647705 
55.716842 37.556664 
55.720959 37.551529 
55.409168 37.471914 
56.530856 37.581335 
55.851981 37.471576 
55.852089 37.471887 
55.851967 37.471232 
55.729158 37.500404 
55.729309 37.500865 
55.751626 37.610717 
55.752550 37.612038 
55.723760 37.798275 
55.949398 37.836107 
55.606790 38.096377 
55.738461 37.610077 
55.611763 37.683792 
55.765353 37.684759 
55.782311 37.580377 
55.748044 37.536894 
55.699332 37.738919 
55.751281 37.642998 
55.769412 37.668090 
56.998377 40.983539 
55.435586 37.506211 
56.008131 37.438898 
55.736003 37.809105 
55.818194 37.568260 
55.854727 38.437210 
55.749687 37.592358 
55.571592 37.580573 
55.571315 37.579814 
55.569720 37.575895 
55.844590 37.500695 
55.913055 37.402943 
56.248495 36.879470 
55.841302 37.569310 
55.672173 37.488498 
55.783982 38.673549 
55.672107 37.486227 
55.439396 37.772714 
56.865959 35.904007 
55.759330 37.612317 
55.819882 37.611664 
55.439730 37.772610 
55.758048 37.605120 
55.999461 37.870767 
55.741109 37.523999 
56.859367 35.911886 
55.672748 37.486818 
55.748169 37.587560 
55.679969 37.283086 
55.776165 37.443548 
55.440713 37.766883 
55.196920 30.227339 
55.758277 37.832048 
55.781723 37.572652 
55.743532 38.011808 
55.804502 37.471798 
55.759384 37.406543 
55.784157 37.615750 
55.621027 37.607899 
55.747284 38.007317 
55.759496 37.731686 
55.747842 38.008842 
55.903996 37.411153 
55.729629 36.858787 
55.903036 37.716268 
55.616555 37.612515 
56.860130 35.923226 
55.717345 37.611734 
57.765157 40.927288 
55.706821 37.457693 
57.581389 39.851651 
55.820297 37.639705 
55.820695 37.638191 
55.822877 37.645228 
56.318656 38.135173 
55.616425 37.683492 
55.616618 37.683735 
56.245897 43.852001 
55.771601 37.674478 
55.999919 37.870892 
55.669952 37.668723 
55.776623 37.682355 
56.129080 40.406524 
55.738594 37.524233 
55.420013 37.532647 
56.755596 37.128382 
55.689575 37.720181 
55.738426 37.530169 
55.935013 37.519817 
55.734979 37.810344 
55.772452 37.676831 
55.744517 37.604393 
55.745908 37.619333 
55.784480 37.566413 
55.798862 37.484231 
55.774040 37.674187 
55.801183 37.512217 
56.340032 36.715131 
55.739092 37.616913 
55.736818 37.519941 
56.125605 40.407801 
55.751566 37.793410 
55.835108 37.618411 
55.978572 37.819686 
55.995755 37.863859 
55.766611 37.577722 
55.795389 37.937972 
55.079559 38.834598 
55.747691 38.017510 
55.737664 37.622498 
55.756718 37.575576 
55.766884 37.571939 
55.212083 34.288158 
55.751025 37.619376 
55.545105 37.544989 
55.604601 38.090366 
56.329831 43.996734 
56.322147 43.946847 
55.616043 37.683170 
55.797530 37.511421 
55.736051 37.604656 
55.211930 34.286505 
55.753336 37.624327 
55.118590 36.601831 
58.880000 40.232883 
55.537780 37.512107 
57.010820 40.974931 
55.679306 37.264550 
55.689651 37.784997 
55.775984 37.502461 
56.018388 37.871801 
55.581426 37.906540 
55.892538 37.426823 
55.212028 34.289607 
55.766089 37.590714 
56.011170 37.847021 
55.672835 37.274932 
55.736858 37.618043 
55.440195 37.765621 
55.707203 37.657951 
55.757800 37.594319 
57.870203 39.530633 
56.346297 37.523836 
55.744091 37.618977 
55.725757 37.670789 
55.808538 37.948343 
57.626745 39.884418 
55.728351 37.653435 
55.440679 37.764662 
56.344709 37.519920 
55.681627 37.887972 
55.675913 37.563132 
55.689565 37.297100 
55.786523 37.284119 
55.909969 37.774252 
55.690269 37.297164 
56.331160 36.732225 
55.822671 37.645297 
55.615019 37.678476 
55.616373 37.680708 
55.192339 30.209526 
56.884860 35.859222 
55.696067 37.542552 
55.610316 37.686909 
55.750456 37.604834 
55.786926 37.284443 
55.786500 37.284806 
55.785551 37.286460 
56.170523 37.504555 
55.787207 37.284395 
55.786045 37.284615 
55.861488 37.612504 
57.594011 34.561100 
55.583333 37.901944 
57.634290 39.891199 
57.634856 39.873409 
55.852107 37.473367 
55.726319 37.556741 
55.696805 37.544156 
55.740814 37.659834 
56.327466 43.996961 
56.337124 37.513225 
56.010930 37.846785 
55.726948 37.607597 
55.210803 34.291236 
55.590000 38.125277 
55.742856 37.589177 
55.753226 37.622423 
55.758826 37.557229 
57.626512 39.883375 
55.726916 37.607253 
55.760795 37.607095 
55.805688 37.615072 
57.635726 39.864488 
55.799332 37.520941 
55.772632 37.675163 
55.066577 38.841594 
55.735423 37.807860 
55.827817 37.634954 
55.890869 37.430241 
55.862986 37.605129 
55.894918 37.680404 
55.821546 37.640282 
55.735060 37.593490 
57.632244 39.886810 
55.751421 37.618067 
55.765892 37.603723 
55.735167 37.807081 
55.782688 37.722005 
57.634111 39.876164 
56.131095 40.392123 
55.762698 37.688400 
55.765722 37.685772 
55.609166 37.685277 
55.826049 37.701977 
55.791108 37.706106 
57.765496 40.925986 
55.789346 37.679869 
56.005482 37.213774 
55.979373 37.173930 
55.744210 37.601173 
55.760377 37.577195 
57.632495 39.887140 
57.632629 39.892967 
57.508890 41.239720 
55.321215 38.681849 
55.752049 37.610353 
55.890277 37.429444 
55.825540 37.390732 
55.828462 37.634515 
57.770512 40.932484 
55.827965 37.635400 
57.765955 40.928540 
55.580262 37.910397 
55.736244 37.807850 
57.513969 41.233534 
55.616155 37.682133 
57.509983 41.239871 
55.103592 36.608609 
55.795986 37.796401 
55.694252 37.744453 
55.999390 37.859156 
55.810555 38.182500 
55.699821 36.194110 
55.904130 37.409860 
56.176125 40.459691 
55.383208 39.036111 
55.734136 37.642626 
55.615504 37.682033 
55.616296 37.682674 
55.615189 37.683674 
57.580961 39.852418 
55.747194 37.683036 
55.740001 37.624365 
55.820923 37.640330 
55.791380 37.664871 
55.703019 36.192907 
56.006426 38.380909 
57.767926 40.926905 
55.708279 37.582405 
55.684243 37.581783 
55.746183 37.546261 
55.375075 37.538352 
55.193074 30.206479 
55.111818 30.283249 
56.237296 43.454591 
55.465492 37.292384 
55.857963 37.659801 
56.238475 43.461612 
55.855684 38.437024 
56.237208 43.457346 
55.795161 37.938116 
55.741110 37.504170 
55.667178 37.669338 
55.833382 37.552320 
55.687982 37.574669 
55.706038 36.207378 
55.731514 37.492024 
55.997183 38.367429 
55.749267 37.670085 
55.129593 30.262371 
56.248677 43.882522 
55.833526 37.549503 
56.307912 44.023290 
59.198246 39.911435 
55.751164 37.658265 
55.834859 37.557635 
55.935141 37.843263 
55.748025 38.017854 
56.232807 43.878741 
55.794348 37.588184 
57.186507 39.416542 
55.792162 37.706021 
55.784247 37.704050 
55.748012 37.644062 
55.106232 36.593647 
55.770599 37.621683 
55.735483 37.748329 
55.747178 37.533342 
55.908403 37.385055 
55.708225 37.472778 
55.675787 37.260346 
56.857639 35.910847 
55.149669 37.489470 
55.777979 37.585974 
55.851674 38.442495 
57.632420 39.882461 
55.912929 37.853233 
55.760210 37.657081 
55.887347 37.675896 
55.753666 37.662863 
55.913587 37.728415 
55.681169 37.190495 
56.009749 37.854063 
55.749338 37.624226 
55.750552 37.617441 
55.798778 37.513625 
55.727134 37.581074 
55.198771 30.190910 
55.177531 30.229616 
55.200226 30.190516 
55.200461 30.190353 
55.667446 37.625888 
55.707801 37.766886 
55.815349 37.500493 
56.008735 37.852448 
55.598824 38.117564 
55.732778 37.611981 
55.831167 37.619878 
55.834762 37.624193 
55.609936 37.719469 
55.755286 37.551262 
55.742603 37.615170 
56.009200 37.852685 
55.813900 37.720845 
55.828626 37.766414 
55.725499 37.498429 
56.009743 37.854831 
55.827841 37.646456 
55.756136 37.575216 
55.567951 38.224567 
55.997194 37.227028 
55.720833 37.630555 
55.753172 37.639101 
55.753250 37.609633 
55.692777 37.555555 
55.608884 37.687319 
55.806982 37.726086 
56.318804 43.996543 
56.023900 37.474660 
56.858961 35.917586 
55.998584 37.866727 
55.691097 37.562359 
55.755738 37.614505 
55.759490 37.607995 
55.916928 37.725109 
56.853644 35.901393 
55.743438 37.608401 
55.789190 37.801397 
55.764666 37.632650 
55.740787 37.620075 
55.755168 37.626157 
55.794551 37.935035 
57.043412 34.967730 
55.766712 37.632079 
55.728048 37.555190 
55.765124 37.634604 
55.724448 37.573593 
55.597882 38.119437 
55.759221 37.607110 
55.194176 30.228020 
55.752285 37.607342 
55.884596 37.642993 
56.013549 37.469294 
55.765535 37.632723 
55.822405 37.646520 
57.626057 39.870569 
55.819214 37.639026 
56.165406 40.468148 
55.178080 30.225972 
56.344738 43.863616 
56.855534 35.927153 
55.776832 37.581556 
55.777819 37.585576 
56.324215 44.002588 
55.913333 37.804722 
55.747399 37.565871 
55.567777 37.572222 
55.694167 37.840556 
55.739776 37.523452 
55.921139 37.845696 
55.747846 37.585881 
55.735069 37.609236 
55.799009 37.736366 
55.796366 37.709885 
55.990228 37.214031 
55.989115 37.215121 
55.990685 37.215176 
55.212049 34.290563 
55.193322 30.205961 
55.983615 37.209686 
55.728441 37.504253 
55.193404 30.228363 
55.851832 37.475571 
55.568560 37.572962 
55.730158 37.502842 
55.705670 37.655081 
55.845268 37.567260 
55.800471 37.739178 
55.730049 37.639314 
55.757194 37.849964 
55.990087 37.218903 
55.989200 37.221681 
55.197500 30.227222 
55.376305 39.045900 
55.758222 37.629983 
55.753332 37.574316 
55.194827 30.206959 
56.343851 37.521948 
55.996623 37.866659 
55.759166 37.623333 
56.431275 40.433463 
55.753733 37.615342 
59.220867 39.890141 
55.738917 37.671238 
55.547424 37.553413 
56.860974 35.897623 
55.602887 38.108912 
55.770860 37.610661 
55.771329 37.609749 
57.626400 39.866735 
55.753661 37.620749 
55.800673 37.483385 
55.762840 37.649217 
55.726264 37.558082 
57.019489 40.958664 
55.568760 37.575166 
55.764690 37.638988 
55.736951 37.809185 
55.751662 37.622445 
56.856150 35.927483 
55.851267 37.467381 
55.740786 37.608432 
55.821122 37.497884 
59.219373 39.890379 
59.220679 39.892814 
59.219624 39.894601 
55.766428 37.577233 
55.737341 37.624381 
55.737691 37.607156 
56.174129 37.498472 
55.787549 37.635220 
56.349127 37.519603 
55.765495 37.683479 
55.825852 37.638395 
55.827974 37.640244 
55.745772 37.606925 
55.891359 37.429555 
55.760833 37.560000 
55.802559 37.521722 
56.343229 37.531184 
55.756998 37.619273 
57.623261 39.881846 
55.193329 30.202616 
57.622302 39.881671 
55.708013 37.581739 
55.708927 37.578963 
55.710806 37.578580 
55.736782 37.806219 
56.343033 37.529361 
56.855336 35.925284 
56.860880 35.893536 
55.733338 37.607091 
55.820137 37.638766 
55.822116 37.640174 
55.695656 37.533398 
56.343250 37.521556 
55.544937 37.548656 
55.742379 37.653599 
57.621509 39.902129 
55.744386 37.618518 
55.836060 37.623702 
56.012719 37.840568 
55.726511 37.497694 
55.891726 37.658490 
55.792066 37.558351 
55.758511 37.660253 
55.969883 37.506237 
56.860121 35.904826 
55.754983 37.618931 
55.740378 37.624848 
55.740518 37.628134 
55.759130 37.581377 
55.741953 37.629028 
55.768511 37.568028 
57.508611 41.236944 
55.746783 37.555408 
55.196681 30.191581 
55.197062 30.191042 
55.729926 37.636497 
55.730217 37.635908 
55.547698 37.546546 
55.546104 37.550006 
55.611572 37.602468 
55.597418 38.118419 
55.668618 37.541442 
56.316367 43.993903 
56.322056 44.000228 
57.622777 39.892500 
59.123785 37.921872 
55.192337 30.208839 
57.622668 39.895247 
55.743027 37.595687 
55.779495 37.601018 
57.622303 39.902488 
55.191626 30.229288 
55.758059 37.636420 
57.601939 39.877557 
55.696312 37.543188 
55.744567 37.567935 
55.191457 30.209441 
55.759511 37.612853 
55.801986 37.326643 
55.728797 37.642211 
59.217108 39.896976 
59.217957 39.895917 
59.218234 39.894733 
55.748939 37.564799 
56.861256 35.899608 
56.861504 35.903949 
55.741940 37.782477 
55.784468 37.616099 
55.759497 37.569452 
55.790609 37.677755 
55.109861 36.584056 
55.586841 38.133663 
55.191883 30.206458 
56.329912 43.850079 
55.820989 37.638742 
55.822731 37.645985 
55.892279 37.660406 
55.747984 37.583663 
55.752400 37.665366 
55.747222 37.583888 
55.733151 37.573768 
55.780697 37.695224 
55.716793 37.609594 
55.686672 37.291736 
55.744801 37.627086 
55.579492 38.921389 
55.769428 37.595703 
56.176251 37.500500 
55.834476 37.615685 
55.746946 37.599764 
55.808380 38.967254 
56.853213 35.910784 
55.792704 37.634128 
55.732137 37.507940 
55.747559 37.595800 
55.781581 37.615643 
55.194175 30.206234 
55.782067 37.603751 
55.755701 37.576439 
55.767515 37.571272 
55.750068 37.617402 
55.192929 30.201318 
55.765196 37.605563 
56.992990 40.974293 
55.752222 37.615556 
55.774510 37.748703 
55.857792 37.660232 
55.766041 37.602574 
55.944397 37.497766 
55.836994 37.619188 
55.868800 37.663415 
55.773377 37.620689 
55.857252 37.561400 
56.327900 44.001762 
55.832433 37.619977 
55.696406 37.543920 
55.788881 37.749624 
55.753918 37.572091 
55.753200 37.621500 
55.610000 37.685555 
55.740192 37.413820 
55.674271 37.274193 
55.191417 30.204032 
55.818138 37.642502 
55.834958 37.616619 
56.755564 37.128718 
55.750400 37.576193 
55.778905 37.621533 
55.898628 37.602766 
55.882038 37.050981 
55.750581 37.510586 
55.933659 37.514464 
55.761465 37.609262 
55.882038 37.051400 
55.670315 37.585029 
56.196057 40.559464 
55.828908 37.618979 
56.994314 40.986401 
58.881111 40.254444 
55.762332 37.856551 
55.375195 39.052709 
55.779699 37.618030 
56.001492 37.860956 
55.831956 37.620674 
55.861592 37.612119 
56.125904 40.395118 
55.707870 37.581525 
56.326877 44.004557 
56.329631 44.012870 
57.620346 39.890207 
55.767675 37.611748 
55.630555 37.866388 
55.795832 37.495710 
55.193471 30.206178 
55.790435 38.442198 
55.749700 37.591975 
55.774712 37.622384 
55.706265 37.657509 
55.890833 37.681666 
55.835465 37.616871 
55.603466 38.110852 
55.692499 37.561162 
55.783899 38.446573 
55.894198 37.535783 
55.587030 38.133904 
55.863334 37.661569 
55.707324 37.658279 
55.193504 30.228007 
55.751694 37.496951 
55.780480 37.695054 
55.736491 37.609194 
55.676582 37.505420 
55.735012 37.807539 
55.735712 37.807610 
55.737280 37.807914 
55.747500 38.008611 
55.799549 37.739134 
55.433883 37.546353 
55.615704 37.683902 
55.731435 37.603430 
55.731957 37.606702 
55.709444 37.658333 
55.747816 37.588265 
55.779682 37.633645 
55.777526 37.633849 
56.343066 37.521143 
55.744809 37.617960 
55.794228 37.749072 
55.569128 37.571449 
55.794635 37.546227 
55.759179 37.625835 
55.781834 37.572329 
55.791878 37.564842 
55.745331 37.573998 
55.569444 38.237222 
55.761944 37.681666 
55.756717 37.583496 
55.799179 37.735746 
55.735042 37.608545 
55.743955 37.868731 
56.342691 37.521368 
55.761769 37.687570 
55.598296 37.540176 
55.750792 37.657560 
55.701146 37.527366 
55.749428 37.564080 
55.825344 37.404424 
55.820119 37.567847 
55.834042 37.623196 
55.568301 37.570926 
55.569248 37.569869 
56.342872 37.518482 
55.755930 37.617187 
55.827685 37.640609 
56.343386 37.518516 
55.702119 37.526668 
55.749458 37.615707 
55.699386 37.528378 
56.862769 35.893278 
55.700914 37.527060 
55.854576 37.352520 
55.196292 30.188297 
55.708736 37.577620 
55.799541 37.737998 
56.325675 44.001650 
55.756742 37.588559 
55.890952 37.431296 
59.465387 40.081296 
55.377657 37.771812 
55.752003 37.622836 
55.751252 37.619703 
55.782314 37.663659 
57.624042 39.887179 
55.163298 30.215546 
55.760061 37.605122 
55.758916 37.606721 
55.926914 37.822519 
57.624995 39.897312 
55.762118 37.611008 
55.757506 37.586342 
56.013747 37.469312 
56.316830 44.016001 
55.738129 37.608122 
55.736993 37.610289 
55.850007 37.362904 
55.740338 37.661265 
55.843106 37.516956 
55.814167 37.502067 
55.630579 37.854613 
55.720993 37.628170 
55.826528 37.643945 
55.828061 37.634686 
55.827757 37.634182 
55.829143 37.633839 
55.775028 37.654910 
55.774722 37.650833 
55.751098 37.657071 
55.752257 37.599960 
55.753920 37.599742 
55.762515 37.618023 
55.764442 37.646057 
55.813310 37.410277 
55.829393 37.632508 
55.616410 37.604865 
55.833126 37.626854 
55.803272 37.830013 
55.763006 37.578220 
55.766669 37.577365 
55.738618 37.608304 
55.767955 37.621887 
55.749367 37.616651 
55.767291 37.613797 
55.796388 37.581111 
55.821037 37.639407 
55.799326 37.736215 
55.092854 36.615614 
55.099399 36.613718 
56.009234 37.846776 
55.596523 38.120582 
55.598055 38.121944 
55.595744 38.119406 
55.889253 37.443836 
55.889553 37.444412 
55.888516 37.446888 
55.740875 37.621694 
55.750748 37.616602 
55.750797 37.618193 
55.780992 37.630460 
56.857471 35.911205 
55.733611 37.587777 
55.742351 37.539672 
55.763889 37.571604 
55.697330 37.539811 
55.606555 37.533095 
55.606430 37.534436 
55.735216 37.586090 
56.011605 37.473781 
55.706115 37.603443 
56.322918 44.001027 
55.751982 37.670153 
55.815708 37.469258 
55.729522 37.640634 
55.731985 37.637664 
55.761812 37.610106 
55.698462 37.538331 
55.765324 37.605236 
55.749794 37.615892 
55.839372 37.652727 
55.765066 37.604225 
55.851547 37.474478 
55.544027 37.517094 
55.770273 37.582769 
55.768509 37.580532 
57.585232 39.855071 
55.818879 37.326481 
55.581127 37.596111 
55.615884 37.682868 
55.731252 37.612539 
55.630449 37.849413 
56.329094 43.988376 
56.325598 43.998613 
55.763537 37.562191 
55.733571 37.606523 
55.735836 37.608106 
55.819995 37.638378 
56.852173 35.918790 
55.820448 37.323220 
55.747426 37.669979 
55.747925 37.669930 
55.830659 37.806210 
55.746729 37.668370 
55.747795 37.670252 
55.737549 37.605686 
55.739486 37.604731 
55.737885 37.604592 
55.764278 37.689598 
55.786142 37.538940 
55.775528 37.677429 
55.782212 37.705317 
55.814444 37.733333 
55.758621 37.585085 
55.748130 37.669700 
55.914142 37.760805 
55.914658 37.761832 
55.803931 37.828602 
55.759718 37.556663 
55.890833 37.621388 
55.828437 37.634126 
55.755049 37.618196 
55.757469 37.626050 
55.758284 37.620825 
55.758370 37.619462 
55.759757 37.618823 
55.760390 37.584858 
55.888969 37.660505 
55.895382 37.611168 
55.757681 37.599522 
55.118602 36.611208 
55.084374 38.803761 
55.735574 37.609286 
55.115145 36.591975 
55.782492 37.718199 
55.756797 37.588135 
56.020464 37.472476 
55.782365 37.718457 
55.752125 37.624467 
55.767976 37.695278 
56.858609 35.903340 
56.343638 37.521830 
55.754627 37.633879 
55.761437 37.630397 
55.820066 37.639561 
55.766374 37.577770 
55.702676 37.668314 
55.827884 37.647555 
55.732777 37.604166 
55.775479 37.619286 
55.749482 37.669469 
59.122015 37.920384 
55.610800 37.681620 
55.608888 37.686388 
55.760467 37.586272 
55.885627 37.597679 
55.735990 37.607676 
55.707145 37.726438 
55.741420 37.620696 
59.128028 37.921950 
55.753117 37.623045 
55.826033 37.637881 
55.749011 37.624536 
55.857292 37.660269 
55.754228 37.611244 
55.754370 37.613245 
55.691111 37.561944 
55.857868 37.659339 
55.716388 37.792777 
55.762457 37.643023 
55.764430 37.685288 
55.766111 37.683888 
55.766139 37.635663 
55.766015 37.635974 
55.754173 37.611618 
55.750310 37.624192 
55.750702 37.618486 
55.751528 37.622992 
55.752815 37.622766 
55.753736 37.621095 
55.634887 37.521709 
55.738611 37.546355 
55.739558 37.624823 
55.743581 37.660676 
55.755819 37.615771 
55.755786 37.617633 
55.755795 37.616426 
55.755732 37.616844 
55.633930 37.520404 
56.326759 44.006842 
56.313526 43.990513 
56.328059 43.961634 
55.865785 37.672301 
55.868062 37.675574 
55.867233 37.676218 
55.983300 37.209091 
55.821851 37.639192 
56.328620 43.999487 
55.710975 37.628780 
55.789157 37.679726 
55.592595 37.673861 
55.753637 37.619848 
55.764432 37.592227 
56.865262 35.899691 
55.104234 38.769904 
55.103172 38.771557 
56.316983 43.994381 
55.602208 38.108067 
59.228461 39.915939 
55.472525 37.544767 
55.733882 37.606893 
56.248641 43.881340 
56.298502 43.982741 
56.329917 44.009192 
55.579315 37.908683 
55.579770 37.909214 
56.306293 44.075349 
56.325419 44.025112 
55.762191 37.561333 
55.754635 37.619421 
55.720771 37.628742 
55.720628 37.630480 
55.741423 37.624495 
55.737389 37.609387 
55.667717 37.625816 
55.547695 37.548122 
55.545147 37.548302 
55.768066 37.621577 
55.741864 37.628793 
55.739905 37.623816 
55.745982 37.583816 
55.832313 37.655125 
55.821625 37.638664 
55.739437 37.529412 
55.689190 37.788168 
55.836771 37.618899 
57.626196 39.881959 
56.008554 37.483690 
55.755046 37.615986 
55.754301 37.613711 
55.755490 37.616061 
55.754684 37.613320 
55.755126 37.614446 
55.763246 37.845322 
55.735289 37.608798 
59.129936 37.935526 
56.328792 44.001145 
56.328606 44.019300 
56.326080 44.003516 
56.331766 44.009814 
55.832449 37.659315 
55.828585 37.654200 
55.829288 37.655833 
55.823674 37.640054 
55.740829 37.415485 
55.739347 37.412648 
55.741256 37.415988 
55.791271 37.669084 
55.745262 37.547589 
55.796337 37.514021 
55.996567 37.865394 
55.766475 37.636414 
55.754195 37.613373 
55.618176 37.675285 
55.801077 37.532005 
55.740548 37.621822 
55.089969 36.603026 
55.416461 30.078811 
55.740708 37.622053 
55.756604 37.604393 
55.750615 37.545998 
55.792789 37.550669 
55.753791 37.601180 
55.753112 37.603438 
55.196311 30.152532 
55.745569 37.606609 
55.759896 37.617996 
55.781072 37.695205 
55.733123 37.646430 
55.732273 37.647333 
55.761065 37.859004 
55.759650 37.620192 
55.858414 37.429692 
56.335841 43.885629 
55.708520 37.738380 
56.331263 43.884616 
55.547841 37.556068 
55.548043 37.556296 
55.548847 37.555358 
57.627617 39.887937 
56.301368 44.079538 
56.320496 44.042060 
57.512790 41.253540 
56.330657 43.955827 
56.333444 43.970954 
56.328364 44.013997 
56.305551 43.979543 
55.802288 37.831121 
56.323730 44.001532 
56.347615 43.868583 
56.329351 44.018934 
55.900787 37.573722 
55.834173 37.622689 
55.762218 37.643633 
55.597500 38.121090 
55.742094 37.629980 
55.801837 37.528828 
55.769092 37.651077 
55.740347 37.622048 
56.271884 43.974613 
55.743163 37.659440 
59.215063 39.896556 
55.432130 37.563299 
55.789747 37.606130 
57.629357 39.885744 
55.756556 37.610921 
55.807882 37.638414 
55.788410 37.804460 
55.757205 37.622338 
55.756340 37.629277 
55.759125 37.623937 
55.970211 37.521127 
55.756465 37.558198 
55.759199 37.619290 
55.758961 37.619666 
57.629750 39.890580 
55.751134 38.009063 
55.833174 37.550551 
55.568556 37.574837 
55.715962 37.520808 
57.764035 39.683841 
57.629538 39.891477 
55.726394 37.577283 
55.632150 37.866256 
55.785853 37.703120 
55.748972 37.608400 
55.917832 37.831473 
55.921869 37.759358 
57.773978 39.664210 
55.635262 37.517514 
55.635406 37.516607 
55.740327 37.621579 
55.634640 37.521383 
55.634304 37.521460 
55.578201 37.912176 
55.751994 37.609806 
55.716499 37.797074 
55.789992 38.931394 
55.757236 37.586765 
55.761198 37.664200 
55.761352 37.686839 
56.343450 37.521808 
55.729417 37.644742 
55.655929 37.540397 
59.128961 37.914400 
59.128504 37.918194 
59.128702 37.916784 
59.129679 37.916918 
56.326002 43.959936 
56.328507 44.001017 
56.294944 44.030017 
56.325461 44.004080 
55.790595 37.683743 
55.712825 37.622960 
55.733922 37.588678 
55.763281 37.562540 
55.762712 37.555827 
55.763952 37.557692 
57.857584 39.543565 
55.829396 37.644825 
55.758811 37.774835 
55.738598 37.593624 
55.769777 37.596658 
55.768824 37.596003 
55.697397 37.743601 
57.869568 39.530470 
55.756293 37.617917 
56.328695 43.852577 
55.754996 37.614014 
55.856923 37.657754 
55.822213 37.639520 
55.788823 37.817840 
57.628313 39.888836 
56.242988 43.447044 
56.321410 43.999553 
56.325764 44.004249 
55.755905 37.612297 
56.329155 44.001843 
56.329952 44.000652 
57.510620 41.237570 
55.776808 37.554981 
56.329934 44.009868 
57.870252 39.531328 
57.869869 39.530229 
57.870495 39.530776 
55.728327 37.501580 
55.728554 37.499540 
55.703796 37.889914 
55.776820 37.582265 
55.745132 37.604648 
57.627093 39.886839 
55.918611 37.991111 
55.775340 37.582801 
55.917156 37.832076 
55.786570 37.284438 
55.547908 37.549770 
57.871027 39.537272 
55.822417 37.408576 
55.735362 37.809234 
55.696655 37.543608 
56.128536 40.407114 
56.844766 35.817839 
55.891944 37.675833 
55.769998 37.644055 
56.328688 43.999874 
56.860995 35.893980 
55.756041 37.623558 
57.626435 39.886565 
57.625440 39.885203 
55.754675 37.617960 
55.818250 37.644372 
57.869886 39.530964 
57.631639 39.886017 
55.793449 37.798165 
55.831969 37.658855 
55.781763 37.616933 
55.830329 37.655319 
55.869380 37.664104 
55.869961 37.665144 
55.830605 37.655740 
55.828102 37.646799 
55.748168 37.625618 
56.327201 44.004804 
55.777316 37.669115 
55.814368 37.961900 
56.327932 44.006669 
59.124736 37.964778 
55.775775 37.621262 
55.754896 37.665555 
55.735458 37.608181 
57.621215 39.889342 
55.793124 37.577861 
55.873972 37.687334 
55.775816 37.581004 
55.826249 37.640663 
55.562114 37.581550 
55.562015 37.580796 
55.730160 37.642245 
59.121415 37.902574 
55.817089 37.582632 
59.125751 37.960227 
57.630406 39.892795 
55.697316 37.543615 
55.697243 37.543990 
55.562525 37.578393 
57.767759 40.921527 
59.122706 37.903511 
55.812790 37.587757 
55.868392 37.676631 
55.560084 37.586170 
55.562500 37.581966 
55.562809 37.583334 
55.701672 36.210756 
55.562785 37.576270 
59.117236 37.897767 
57.630643 39.894146 
55.737220 37.607923 
55.671075 37.666982 
55.822204 37.639068 
59.123940 37.960998 
55.820579 37.639855 
55.765857 37.661853 
57.874320 39.525830 
55.738301 37.610340 
55.735919 37.609098 
55.820231 37.639209 
55.738458 37.611370 
55.710307 37.593885 
55.915260 37.762779 
55.687275 37.291172 
55.577809 38.922726 
55.787769 37.781433 
55.752167 37.669570 
55.547554 37.551619 
55.738602 37.773129 
55.762344 37.627085 
59.115631 37.903412 
59.113739 37.903931 
55.736860 37.808225 
55.764299 37.554846 
57.442441 42.169687 
57.755606 40.948137 
55.815751 37.639026 
55.811961 37.636974 
55.743196 37.569282 
57.658643 39.956233 
57.766964 40.928241 
55.802777 37.525671 
59.126117 37.917262 
55.195690 30.190098 
55.773844 37.614285 
55.698160 37.531814 
55.740812 37.571608 
55.092297 36.615735 
55.754500 37.613615 
55.737416 37.610815 
55.703073 37.553881 
55.857699 37.658795 
55.797986 37.491661 
55.737042 37.608261 
55.736660 37.607741 
55.737077 37.608988 
55.883386 37.643808 
55.799854 37.739414 
55.737295 37.608932 
55.736800 37.608079 
55.810028 37.770442 
57.869115 39.513939 
55.755134 37.619333 
55.692618 37.851120 
55.709959 37.559002 
55.709544 37.558807 
55.674008 37.485957 
55.800001 37.586239 
57.621800 39.902432 
55.696468 37.543499 
55.767107 37.613491 
55.579444 37.911388 
55.677817 37.895284 
55.718382 37.543799 
55.768089 37.622364 
55.750606 37.618014 
55.755448 37.614698 
57.867798 39.511170 
57.626288 39.883225 
57.879898 39.545966 
57.868301 39.530387 
57.874206 39.526870 
55.697157 37.544277 
55.821278 37.639439 
56.242418 43.446322 
55.756033 37.616211 
55.776754 37.655688 
55.774796 37.654211 
55.754597 37.615597 
55.737887 37.607210 
55.737821 37.607929 
57.771824 40.935746 
55.085122 38.774843 
55.547938 37.548806 
55.785128 37.616648 
55.754032 37.614195 
56.865425 35.904522 
55.736177 37.609211 
55.857467 37.659931 
55.738746 37.625458 
55.735833 37.808160 
55.737733 37.608730 
55.834632 37.623346 
55.759827 37.619319 
56.928333 35.476389 
55.736521 37.608792 
55.737704 37.608335 
55.735730 37.609903 
55.786161 37.283988 
55.759597 37.605391 
55.814753 37.066418 
55.991120 37.253341 
55.736159 37.609618 
55.741438 37.625470 
55.752211 37.609838 
55.755530 37.606736 
55.752843 37.606472 
58.043213 38.824648 
55.786320 37.281831 
55.766061 37.686416 
57.762524 40.931025 
55.786383 37.282727 
55.944163 37.504416 
55.199504 30.206936 
55.834063 37.624140 
55.465483 37.294026 
56.165702 40.467751 
55.736461 37.609755 
55.433333 37.562500 
57.764518 40.926658 
57.772554 40.939504 
57.763219 40.933549 
59.124886 37.883276 
59.120713 37.901319 
55.737688 37.607553 
55.788316 37.798668 
55.788781 37.816106 
55.788896 37.816738 
55.546821 37.549098 
57.254282 32.473354 
59.089007 37.918643 
55.795953 37.710390 
55.669267 37.739762 
55.738225 37.607832 
55.853772 37.486670 
55.785441 38.454098 
59.228680 39.895613 
55.738388 37.607607 
55.853601 37.485974 
55.563132 37.582700 
55.776388 37.679444 
55.626672 37.609323 
56.855286 35.862393 
56.855364 35.862905 
56.854919 35.863104 
55.710833 37.577777 
55.431502 37.553619 
55.752666 37.622333 
55.756889 37.620356 
55.754737 37.613811 
55.693582 37.864391 
56.325940 44.004723 
55.547924 37.555736 
55.857368 37.659084 
55.913163 37.852068 
58.050279 38.853063 
55.774511 37.683508 
55.548132 37.555868 
55.708076 37.731220 
55.787699 37.608148 
55.568354 37.574723 
55.568481 37.574085 
55.420097 37.534195 
55.771777 37.632171 
55.711223 37.612720 
59.140336 37.925739 
55.741258 37.775804 
55.677761 37.264133 
55.676764 37.264490 
55.678269 37.263466 
55.580630 37.648857 
56.968642 40.995965 
56.323373 44.001430 
55.734640 37.808198 
55.431586 37.544693 
55.755538 37.616614 
55.726155 37.554703 
55.728375 37.555565 
55.746881 37.603349 
55.754035 37.613667 
55.827179 37.646821 
55.827371 37.647293 
57.632383 39.894472 
55.737959 37.609905 
55.723238 37.592075 
55.747348 37.681990 
55.857867 37.486399 
55.951594 37.505086 
55.668384 37.671529 
58.048451 38.857958 
57.738178 40.983741 
55.952253 37.504803 
58.049521 38.856282 
55.772437 37.674228 
55.772041 37.673348 
58.049862 38.854204 
55.667632 37.669770 
59.224623 39.883590 
57.685263 39.783947 
59.130866 37.979827 
55.711046 37.577772 
55.710730 37.578139 
58.048676 38.855556 
57.634307 39.892132 
55.741502 37.621222 
55.604449 37.491937 
55.728379 37.578478 
55.798710 37.585103 
55.752079 37.616308 
55.833041 37.628067 
55.752234 37.607026 
55.746765 37.606426 
55.719560 37.615787 
55.714064 37.599552 
55.712607 37.602768 
55.638351 37.524423 
55.600319 37.041930 
55.738068 37.608497 
55.832611 37.627325 
55.751897 38.008309 
55.100162 38.725585 
55.799592 37.738373 
55.799707 37.738744 
55.799121 37.735352 
55.758922 37.619210 
55.760555 37.859166 
55.760145 37.860935 
55.746955 37.678638 
55.764394 37.591245 
55.766246 37.577178 
55.766807 37.577811 
55.822381 37.644224 
55.822634 37.644932 
55.822595 37.644267 
55.820702 37.639592 
55.820471 37.638798 
55.819857 37.639169 
55.569400 37.570105 
55.567363 37.571785 
55.569465 37.569745 
55.568935 37.571430 
55.830198 37.631768 
55.817293 37.592528 
58.382260 42.347251 
55.757876 37.619830 
55.686944 37.310833 
55.865868 37.600221 
55.827296 37.636666 
55.832686 37.625760 
56.022086 37.474020 
55.832380 37.626969 
55.730071 37.640322 
55.725494 37.554950 
56.016667 37.464722 
59.121155 37.931131 
55.752610 37.622874 
55.667324 37.669652 
55.823111 37.638908 
55.741491 37.625107 
59.130730 37.877769 
55.708033 37.464198 
59.118072 37.926238 
55.195833 30.202222 
55.835916 37.623335 
55.833888 37.623523 
55.832203 37.626583 
56.325359 44.029089 
55.843801 37.512081 
55.819759 37.792513 
55.845991 37.516083 
55.832892 38.967542 
55.822719 37.640319 
55.822478 37.639375 
55.164281 30.208868 
56.319711 43.997782 
55.973644 37.517570 
59.211620 38.545188 
55.777931 37.685864 
55.774291 37.654845 
55.743704 37.567057 
55.810908 37.799931 
55.891552 37.658083 
55.816051 37.797456 
55.747105 37.582012 
55.721936 37.654864 
55.687670 37.623335 
56.861876 35.907692 
56.858553 35.921191 
56.876491 35.834861 
55.690735 37.565414 
56.855118 35.858967 
56.854625 35.860661 
57.764361 40.923085 
55.636411 37.357933 
56.855128 35.863017 
57.768753 40.926733 
56.867348 35.899663 
56.862791 35.902745 
57.762352 40.952280 
55.739610 37.522834 
55.739449 37.523902 
55.663278 37.742024 
59.225180 39.879790 
56.855218 35.863482 
57.761110 40.949392 
59.226745 39.876297 
55.802269 37.522311 
59.225345 39.880924 
55.778727 37.603876 
55.782890 37.703887 
55.757156 37.859701 
55.756651 37.858824 
55.773063 37.549507 
59.220920 39.898742 
55.738544 37.595348 
55.616169 38.102209 
55.731861 37.607315 
55.875394 37.667456 
55.197410 30.190172 
56.853068 35.907488 
55.923428 37.977020 
56.855644 35.877221 
56.855400 35.876205 
55.920830 37.975830 
55.918178 37.831249 
55.746850 37.605943 
55.320655 38.683123 
55.771140 37.589610 
55.802756 37.404553 
55.805897 37.789686 
55.736819 37.805779 
55.194315 30.188547 
55.689802 37.322296 
55.596224 37.041983 
55.731149 37.495035 
55.731025 37.496335 
56.162315 40.473360 
55.785255 37.596741 
58.057459 38.830023 
55.756850 37.574480 
55.756761 37.574775 
56.342729 37.517546 
55.767982 37.583263 
55.748091 37.600064 
55.979573 37.185988 
56.184295 36.972347 
55.580660 37.912041 
55.810742 38.181822 
55.779166 37.638423 
55.708611 37.540277 
55.769011 37.628977 
55.720832 37.788646 
55.811434 38.183930 
55.705833 37.535000 
55.744549 37.618217 
55.705325 37.535678 
59.209804 39.813255 
55.813085 37.410893 
55.717609 37.733501 
59.210304 38.510772 
55.431544 37.557565 
55.820832 37.639343 
55.850662 37.585870 
55.520133 35.825054 
55.700066 37.853217 
55.519493 35.824366 
55.683633 37.875661 
55.491677 37.311872 
55.741306 37.623001 
55.520263 35.822013 
55.519894 35.823600 
55.519299 35.823550 
57.632720 39.855186 
55.517174 35.830064 
55.512384 35.829726 
55.515133 35.829806 
55.507979 35.842638 
55.506239 35.838647 
55.505996 35.838132 
55.503128 35.849547 
55.736755 37.609033 
55.430245 37.541773 
55.430646 37.545222 
55.509495 35.848775 
55.508863 35.849376 
55.505607 35.847573 
55.506064 35.844881 
55.434608 37.544445 
55.435275 37.543097 
55.506326 35.844612 
55.510224 35.847487 
56.860681 35.890703 
55.500765 35.852349 
55.502253 35.850577 
55.432148 37.564947 
55.501494 35.850975 
55.799750 37.566251 
57.659703 39.963383 
55.776349 37.656196 
59.229151 39.874827 
58.880012 40.254701 
55.836801 37.619301 
59.132195 37.887756 
55.605363 38.102227 
55.807153 37.726267 
55.791766 37.763297 
59.134692 37.873069 
56.023751 37.474309 
55.603452 37.338038 
57.640422 39.875787 
57.509722 41.239722 
55.690512 37.789851 
55.944723 37.497416 
57.672158 39.838301 
55.559983 37.586569 
55.634722 37.524166 
55.681757 37.504306 
55.569091 37.570503 
55.813249 37.591122 
55.807324 38.986712 
55.679831 37.505466 
56.837777 35.896666 
56.128891 40.408154 
55.737084 37.609414 
55.763796 37.689856 
59.115555 37.983333 
55.727808 37.966880 
56.125027 40.394894 
55.604980 38.112465 
56.126865 40.397167 
55.819422 37.638994 
56.723536 38.766975 
55.790089 38.468349 
56.126457 40.396103 
59.219719 39.877622 
56.714903 38.832835 
56.716353 38.831263 
56.714825 38.828638 
59.222581 39.900105 
55.172997 30.206680 
56.184743 36.974797 
57.636180 39.866294 
55.832519 37.659749 
57.617934 39.870844 
59.101469 37.918037 
55.375215 37.538151 
55.764166 37.642222 
55.765613 37.605867 
55.710386 37.445272 
55.799267 37.515617 
56.855451 35.863213 
55.831053 37.655917 
59.093785 37.923431 
56.993607 41.019982 
55.968575 37.912707 
55.857563 37.659513 
59.219284 39.891345 
59.219543 39.892032 
55.920162 38.116958 
57.773873 40.922634 
57.697896 39.760960 
56.169216 40.486010 
57.004469 40.973832 
56.968876 40.994913 
57.007831 40.989697 
55.692816 37.851426 
55.740439 37.560078 
55.751666 37.863055 
55.602042 37.346911 
55.703558 37.590892 
56.863144 35.901604 
55.752007 37.863597 
56.241553 43.852037 
56.237126 43.854097 
56.236225 43.859223 
55.666213 37.751662 
59.209951 39.908156 
55.809728 37.647858 
55.740858 37.627362 
57.596350 39.871187 
55.700747 36.193082 
59.224236 39.882404 
56.124921 40.387059 
56.146113 40.380210 
56.146738 40.381414 
55.835796 37.967228 
57.639152 39.883837 
55.982500 37.203611 
56.146428 40.380128 
57.625916 39.881807 
55.688442 37.621993 
56.883875 35.886384 
55.720494 37.628205 
56.857066 35.909980 
55.827872 37.647132 
59.240692 38.501159 
56.126231 40.399268 
55.891337 37.430156 
55.827829 37.648956 
57.040855 34.962805 
55.770174 37.712569 
55.881558 37.433369 
55.958096 38.050915 
59.211300 39.836427 
55.827064 37.648205 
55.827570 37.649503 
57.636912 39.885107 
55.829637 37.632079 
55.830023 37.632401 
55.829878 37.631156 
55.829478 37.633342 
55.830074 37.633120 
55.733326 37.605917 
55.784713 37.471399 
55.675755 37.612999 
55.765819 37.613126 
55.827162 37.636169 
55.741233 37.625900 
55.739256 37.623498 
57.584155 34.559790 
55.657131 37.842367 
55.830119 37.631317 
55.799259 37.584926 
55.940406 37.303036 
56.012879 37.194753 
55.965828 37.309334 
55.769523 37.654425 
55.766070 37.577384 
55.892509 37.729072 
55.744724 37.711975 
55.769522 37.655521 
56.995051 40.984052 
55.548240 37.554456 
55.653669 37.701941 
55.093637 38.765295 
57.626968 39.892643 
56.855029 35.862560 
56.851950 35.914610 
56.857647 35.922080 
56.126994 40.394493 
55.740890 37.623077 
57.319559 39.834773 
59.203476 38.497414 
56.167452 37.502250 
59.207183 38.500942 
59.457246 40.091560 
55.746037 38.009078 
55.747116 38.007751 
59.208919 38.498756 
59.456153 40.130649 
55.748160 37.670908 
55.834337 37.623196 
55.676883 37.466898 
55.686944 37.741944 
55.771680 37.675143 
55.821321 37.638688 
55.620668 37.681417 
55.820461 37.639368 
55.821424 37.639139 
55.754335 37.620729 
55.548002 37.553120 
55.743759 37.543571 
56.880879 35.910810 
55.621388 37.735000 
55.878969 37.550209 
55.771769 37.672247 
55.776798 37.583960 
55.892212 37.659353 
55.773322 37.679170 
55.743513 38.018671 
55.768630 37.650390 
55.767018 37.606635 
55.743539 37.545555 
56.866175 35.901121 
55.773117 37.574263 
55.789516 37.606300 
59.119379 37.927485 
55.914769 37.759995 
56.331379 36.727959 
56.331747 36.727396 
55.979722 37.744444 
56.844872 35.917844 
55.760883 37.858715 
56.845920 35.914978 
56.854934 35.909379 
56.998703 40.982669 
55.548119 37.554173 
55.698882 37.845071 
57.511088 41.235745 
57.777301 40.925429 
56.253384 43.854096 
57.633033 39.832033 
55.744837 37.664511 
55.753331 37.597314 
55.779361 37.621854 
55.417102 37.527622 
55.731995 37.591133 
55.762392 37.579061 
55.724166 37.627222 
55.932819 37.839476 
57.689745 39.777556 
55.801057 38.440282 
55.693055 37.561111 
55.640172 37.758676 
55.755949 37.616855 
55.754820 37.615814 
55.739622 37.628232 
55.750446 37.621135 
55.792461 37.776047 
55.779960 37.666020 
56.347869 37.517823 
55.771230 37.607694 
55.737545 37.624465 
57.733779 40.996427 
55.733041 37.550938 
56.023487 37.476099 
57.740062 40.984908 
56.129234 40.397933 
55.104488 36.617423 
57.621900 39.881068 
55.722745 37.461428 
55.816881 38.971008 
55.793946 37.493664 
55.748611 37.670508 
55.767028 37.577817 
56.324433 43.994836 
55.888888 37.660833 
56.253509 43.856525 
55.758645 37.658588 
55.725283 37.497121 
55.879098 37.633988 
55.802351 37.522680 
55.693893 37.564972 
57.010909 40.995524 
56.857342 35.908372 
55.751111 38.002222 
56.866204 35.904821 
55.779130 37.559316 
56.854530 35.911076 
55.779510 37.559889 
55.691089 37.560981 
55.690904 37.561793 
55.756389 37.615001 
55.971774 37.904492 
55.597885 38.122215 
55.796030 37.495400 
55.796110 37.495368 
56.865909 35.903291 
55.804303 38.978146 
56.859783 35.911966 
55.433492 37.548667 
55.758595 37.860463 
55.746146 37.865865 
55.701796 37.525931 
55.797075 37.938119 
55.655547 37.951772 
55.739373 37.523429 
55.162378 30.218529 
56.248856 43.850939 
56.249170 43.853189 
55.503896 35.831308 
55.687516 36.686128 
55.688671 36.688006 
55.687698 36.686102 
56.185783 36.979603 
55.728641 37.500815 
55.194854 30.207789 
55.089453 36.599353 
55.546494 37.547230 
55.090118 36.606008 
55.968138 37.913535 
55.748883 38.013691 
55.732272 37.646738 
55.192443 30.210284 
55.752632 37.606853 
55.803379 37.801113 
55.766509 37.684145 
55.748956 37.580201 
55.741212 37.624578 
55.705003 37.533931 
55.705476 37.534566 
56.854133 35.913728 
55.975077 37.908600 
55.939431 37.513383 
55.773059 37.753685 
55.772664 37.753193 
55.793041 37.783813 
55.761649 37.856765 
55.195833 30.205277 
55.875590 37.667789 
56.004586 37.203959 
55.740873 37.499378 
55.726464 37.449312 
59.498205 40.331346 
55.681989 37.584036 
55.679885 37.583230 
56.302477 38.136971 
55.735599 36.811523 
55.732929 37.637084 
55.611555 37.719703 
56.884301 35.846977 
56.859218 35.922280 
56.855988 35.920732 
55.798552 37.511739 
55.740876 37.621256 
55.732710 37.633789 
55.732877 37.633461 
57.625293 39.895640 
56.875982 35.835312 
56.855137 35.862137 
56.836195 35.893109 
56.891459 35.904333 
56.896334 35.930046 
56.859759 35.909284 
56.883607 35.911146 
55.917222 37.492385 
55.844668 37.497976 
55.701866 37.544173 
55.681444 37.503933 
55.761894 37.573971 
55.709712 37.605697 
55.433680 37.563991 
55.707872 37.613618 
55.750975 37.671417 
55.768390 37.644675 
55.873836 37.689121 
55.809620 37.796252 
59.475843 40.079016 
56.147050 40.374559 
56.252569 43.863260 
57.511102 41.235772 
